1, 489, 4, 13
2, 1678, 11, 4
3, 1424, 26, 15
4, 289, 27, 13
5, 409, 84, 11
6, 798, 77, 1
7, 955, 47, 15
8, 1122, 53, 9
9, 644, 97, 9
10, 18, 85, 12
11, 249, 10, 9
12, 1313, 64, 19
13, 328, 24, 20
14, 1472, 57, 11
15, 1318, 26, 3
16, 573, 3, 20
17, 555, 20, 20
18, 327, 12, 8
19, 1992, 48, 5
20, 1535, 63, 20
21, 1499, 98, 6
22, 1978, 91, 1
23, 708, 26, 20
24, 1215, 90, 2
25, 921, 96, 11
26, 1266, 72, 16
27, 1062, 99, 20
28, 806, 64, 1
29, 1818, 20, 6
30, 131, 5, 3
31, 934, 53, 6
32, 190, 74, 6
33, 1205, 66, 1
34, 795, 77, 8
35, 1101, 36, 2
36, 1059, 91, 11
37, 1578, 58, 12
38, 1861, 34, 9
39, 941, 77, 8
40, 253, 15, 13
41, 1036, 48, 9
42, 1024, 39, 6
43, 1793, 24, 5
44, 951, 97, 20
45, 1281, 6, 16
46, 240, 83, 3
47, 1129, 20, 3
48, 1811, 88, 15
49, 807, 80, 16
50, 1805, 72, 6
51, 1265, 58, 1
52, 600, 54, 8
53, 1286, 5, 3
54, 589, 69, 7
55, 690, 61, 12
56, 1748, 39, 9
57, 1921, 41, 12
58, 636, 46, 4
59, 858, 14, 7
60, 483, 11, 11
61, 1167, 54, 11
62, 1936, 26, 7
63, 1493, 27, 20
64, 1152, 37, 6
65, 208, 65, 14
66, 1874, 26, 4
67, 1023, 27, 18
68, 1003, 8, 12
69, 826, 20, 11
70, 1885, 49, 8
71, 1686, 18, 11
72, 1282, 49, 6
73, 1514, 34, 2
74, 1524, 95, 8
75, 298, 37, 4
76, 528, 64, 4
77, 695, 82, 4
78, 1442, 42, 10
79, 1948, 82, 13
80, 938, 30, 20
81, 582, 3, 4
82, 35, 90, 16
83, 1096, 12, 13
84, 371, 71, 4
85, 1844, 30, 9
86, 1117, 2, 13
87, 544, 40, 5
88, 1405, 67, 17
89, 1792, 30, 6
90, 66, 41, 6
91, 1626, 13, 19
92, 39, 20, 4
93, 7, 9, 18
94, 1770, 88, 15
95, 1559, 61, 12
96, 65, 61, 7
97, 1002, 40, 18
98, 556, 87, 12
99, 1009, 97, 20
100, 822, 59, 11
101, 1126, 15, 1
102, 981, 46, 15
103, 261, 61, 1
104, 1961, 86, 15
105, 1104, 3, 13
106, 1075, 88, 16
107, 465, 31, 6
108, 1550, 60, 2
109, 810, 85, 14
110, 1400, 8, 13
111, 584, 11, 8
112, 463, 83, 12
113, 413, 24, 19
114, 715, 9, 6
115, 1339, 47, 5
116, 621, 69, 5
117, 1005, 7, 17
118, 166, 65, 5
119, 118, 13, 11
120, 334, 38, 5
121, 1402, 92, 19
122, 647, 65, 2
123, 1797, 4, 8
124, 1022, 58, 17
125, 136, 4, 1
126, 497, 79, 16
127, 1952, 61, 9
128, 1990, 52, 9
129, 1812, 94, 20
130, 445, 83, 19
131, 1696, 68, 15
132, 531, 35, 4
133, 1139, 64, 12
134, 45, 21, 18
135, 823, 6, 11
136, 922, 6, 13
137, 1409, 18, 13
138, 1395, 64, 7
139, 1415, 36, 11
140, 1176, 64, 13
141, 1065, 33, 9
142, 1731, 94, 7
143, 296, 32, 1
144, 777, 91, 8
145, 703, 87, 17
146, 1040, 57, 13
147, 1211, 58, 2
148, 783, 44, 14
149, 94, 54, 6
150, 580, 30, 17
151, 1851, 19, 17
152, 1899, 71, 1
153, 450, 63, 9
154, 1483, 18, 10
155, 351, 42, 18
156, 942, 76, 4
157, 1679, 72, 10
158, 1974, 23, 4
159, 495, 67, 10
160, 541, 5, 16
161, 1305, 42, 13
162, 549, 65, 10
163, 126, 90, 15
164, 914, 22, 14
165, 1308, 51, 14
166, 1291, 10, 15
167, 774, 96, 14
168, 517, 69, 4
169, 1056, 7, 18
170, 740, 8, 15
171, 1049, 52, 5
172, 447, 70, 14
173, 1849, 19, 19
174, 360, 80, 3
175, 1958, 84, 3
176, 725, 58, 14
177, 853, 80, 18
178, 1089, 65, 7
179, 673, 63, 16
180, 1905, 9, 5
181, 932, 56, 14
182, 1659, 67, 11
183, 1638, 46, 9
184, 1426, 24, 4
185, 638, 61, 18
186, 753, 69, 16
187, 1437, 65, 9
188, 210, 34, 19
189, 414, 6, 13
190, 518, 52, 4
191, 1386, 9, 6
192, 1704, 19, 11
193, 1145, 18, 11
194, 1551, 37, 12
195, 1175, 96, 9
196, 230, 1, 20
197, 940, 91, 15
198, 1673, 84, 4
199, 734, 91, 3
200, 258, 38, 8
201, 141, 12, 12
202, 874, 18, 16
203, 1225, 5, 15
204, 1354, 48, 8
205, 771, 16, 13
206, 453, 30, 13
207, 778, 15, 14
208, 292, 2, 5
209, 86, 35, 17
210, 1937, 99, 4
211, 817, 6, 20
212, 1453, 34, 20
213, 1617, 13, 16
214, 461, 10, 13
215, 321, 6, 15
216, 1203, 72, 16
217, 77, 72, 15
218, 900, 22, 20
219, 1105, 56, 16
220, 404, 3, 9
221, 674, 49, 1
222, 246, 55, 8
223, 1207, 72, 6
224, 630, 86, 20
225, 1321, 63, 4
226, 1525, 40, 1
227, 511, 74, 9
228, 422, 20, 16
229, 1330, 67, 14
230, 1517, 95, 8
231, 634, 37, 18
232, 751, 27, 14
233, 1158, 1, 6
234, 521, 77, 12
235, 366, 60, 1
236, 1648, 100, 19
237, 1557, 53, 15
238, 187, 17, 14
239, 395, 5, 18
240, 683, 72, 10
241, 1478, 96, 16
242, 599, 12, 17
243, 656, 55, 2
244, 331, 20, 7
245, 747, 57, 8
246, 1408, 40, 5
247, 643, 9, 20
248, 1599, 31, 16
249, 1627, 30, 8
250, 62, 71, 5
251, 927, 33, 9
252, 1401, 32, 5
253, 304, 38, 2
254, 863, 28, 11
255, 1635, 95, 4
256, 1322, 82, 8
257, 1737, 23, 19
258, 276, 51, 7
259, 1896, 75, 14
260, 990, 20, 4
261, 791, 80, 13
262, 1107, 32, 6
263, 309, 4, 7
264, 335, 57, 10
265, 407, 39, 8
266, 633, 16, 6
267, 710, 36, 7
268, 1746, 25, 18
269, 372, 57, 16
270, 1382, 67, 17
271, 1144, 42, 20
272, 1276, 50, 19
273, 1740, 43, 4
274, 14, 92, 17
275, 846, 64, 12
276, 1675, 96, 11
277, 1614, 54, 4
278, 1051, 83, 7
279, 222, 46, 6
280, 1390, 97, 5
281, 513, 22, 5
282, 947, 65, 6
283, 83, 44, 19
284, 1721, 60, 11
285, 356, 65, 8
286, 897, 10, 3
287, 1982, 53, 10
288, 1421, 34, 11
289, 1355, 99, 6
290, 1335, 4, 19
291, 1891, 100, 14
292, 1111, 12, 6
293, 1834, 6, 15
294, 1563, 33, 18
295, 1979, 91, 3
296, 389, 4, 19
297, 929, 95, 5
298, 1590, 19, 11
299, 1048, 86, 10
300, 966, 20, 8
301, 754, 61, 2
302, 615, 3, 17
303, 1067, 93, 18
304, 332, 28, 8
305, 1976, 2, 15
306, 217, 30, 12
307, 859, 12, 12
308, 1766, 2, 7
309, 90, 35, 18
310, 1641, 85, 15
311, 1434, 56, 11
312, 1867, 32, 15
313, 1116, 98, 19
314, 958, 11, 14
315, 265, 13, 7
316, 1929, 91, 2
317, 350, 23, 17
318, 1363, 38, 11
319, 1969, 11, 1
320, 1983, 2, 4
321, 933, 63, 6
322, 903, 43, 9
323, 1726, 43, 2
324, 1491, 100, 10
325, 156, 58, 8
326, 1707, 14, 12
327, 1683, 38, 5
328, 1013, 92, 16
329, 1469, 83, 15
330, 551, 19, 1
331, 85, 46, 18
332, 1333, 88, 9
333, 1194, 93, 8
334, 1609, 25, 9
335, 160, 79, 15
336, 325, 18, 15
337, 299, 98, 7
338, 785, 1, 3
339, 917, 17, 17
340, 540, 94, 3
341, 1710, 75, 6
342, 1661, 28, 5
343, 901, 13, 19
344, 1410, 39, 2
345, 1615, 25, 16
346, 99, 88, 16
347, 1344, 88, 18
348, 749, 67, 7
349, 605, 24, 6
350, 1801, 74, 20
351, 1025, 45, 3
352, 1779, 81, 17
353, 1508, 70, 12
354, 685, 78, 1
355, 2000, 12, 8
356, 109, 96, 4
357, 1466, 52, 7
358, 952, 100, 11
359, 220, 5, 5
360, 1416, 52, 2
361, 1314, 92, 12
362, 1446, 60, 9
363, 1955, 13, 17
364, 84, 25, 20
365, 1324, 2, 15
366, 1920, 45, 4
367, 9, 85, 9
368, 1531, 72, 12
369, 148, 51, 5
370, 1332, 47, 2
371, 403, 20, 15
372, 219, 64, 19
373, 860, 80, 14
374, 1495, 23, 10
375, 1163, 94, 7
376, 1909, 65, 13
377, 680, 72, 6
378, 338, 64, 8
379, 324, 33, 7
380, 430, 32, 11
381, 75, 47, 2
382, 396, 99, 1
383, 1087, 36, 5
384, 786, 22, 16
385, 1892, 25, 15
386, 1591, 52, 12
387, 1080, 49, 14
388, 1629, 31, 18
389, 1688, 31, 11
390, 1914, 78, 5
391, 733, 47, 17
392, 1681, 27, 16
393, 1375, 97, 14
394, 1756, 16, 19
395, 214, 12, 10
396, 228, 33, 8
397, 1986, 76, 2
398, 639, 23, 20
399, 1654, 95, 10
400, 198, 51, 2
401, 1692, 22, 16
402, 564, 9, 14
403, 728, 16, 17
404, 1747, 87, 16
405, 1939, 13, 4
406, 1868, 97, 10
407, 1866, 38, 16
408, 1373, 23, 17
409, 42, 41, 11
410, 736, 67, 3
411, 956, 16, 6
412, 1572, 70, 16
413, 1633, 15, 20
414, 416, 20, 13
415, 631, 59, 13
416, 1975, 90, 5
417, 1977, 85, 14
418, 1197, 58, 12
419, 353, 47, 4
420, 1750, 51, 1
421, 1486, 38, 1
422, 1593, 84, 5
423, 1989, 72, 10
424, 127, 45, 14
425, 1012, 15, 19
426, 315, 90, 1
427, 924, 28, 10
428, 1041, 93, 1
429, 182, 16, 20
430, 179, 45, 3
431, 537, 41, 10
432, 864, 24, 1
433, 738, 24, 20
434, 1888, 64, 15
435, 937, 49, 20
436, 421, 96, 8
437, 380, 20, 2
438, 587, 69, 7
439, 302, 37, 9
440, 814, 43, 15
441, 1900, 20, 12
442, 604, 49, 18
443, 1682, 92, 6
444, 1500, 45, 8
445, 462, 70, 18
446, 1349, 58, 18
447, 1020, 10, 6
448, 724, 87, 3
449, 1778, 29, 2
450, 1942, 60, 5
451, 651, 43, 8
452, 1884, 63, 14
453, 1547, 78, 12
454, 723, 99, 13
455, 1136, 11, 20
456, 652, 76, 9
457, 1312, 85, 4
458, 1787, 88, 7
459, 322, 88, 17
460, 1343, 52, 8
461, 610, 95, 1
462, 1100, 7, 1
463, 1510, 31, 16
464, 250, 61, 5
465, 1444, 8, 18
466, 428, 51, 11
467, 664, 70, 2
468, 659, 100, 13
469, 1377, 43, 17
470, 1871, 10, 14
471, 28, 16, 10
472, 993, 74, 13
473, 1063, 29, 10
474, 1385, 48, 4
475, 1852, 84, 12
476, 1717, 22, 14
477, 455, 40, 6
478, 349, 94, 3
479, 1533, 23, 9
480, 635, 87, 12
481, 310, 14, 1
482, 1433, 72, 14
483, 1564, 90, 11
484, 1845, 81, 16
485, 748, 17, 8
486, 305, 74, 10
487, 1094, 37, 10
488, 390, 18, 11
489, 623, 14, 5
490, 962, 28, 16
491, 1999, 82, 8
492, 1192, 19, 13
493, 1346, 87, 20
494, 211, 47, 10
495, 386, 14, 14
496, 1612, 45, 3
497, 6, 17, 13
498, 1248, 54, 13
499, 1603, 13, 15
500, 158, 65, 1
501, 907, 54, 6
502, 1542, 60, 5
503, 171, 17, 6
504, 1425, 95, 16
505, 135, 34, 6
506, 1911, 67, 4
507, 1553, 32, 9
508, 545, 6, 14
509, 1694, 58, 3
510, 76, 66, 17
511, 1262, 73, 8
512, 1450, 35, 4
513, 1370, 63, 18
514, 1102, 39, 12
515, 1555, 66, 20
516, 1558, 6, 11
517, 363, 67, 14
518, 1960, 44, 2
519, 665, 67, 1
520, 1267, 36, 16
521, 1249, 94, 4
522, 1046, 60, 6
523, 1919, 12, 17
524, 1931, 4, 18
525, 1894, 29, 5
526, 1155, 86, 13
527, 1457, 20, 19
528, 51, 80, 2
529, 565, 10, 1
530, 1082, 91, 12
531, 59, 51, 8
532, 1702, 85, 15
533, 184, 83, 12
534, 802, 62, 1
535, 744, 45, 17
536, 1893, 93, 20
537, 976, 46, 16
538, 449, 45, 15
539, 851, 94, 10
540, 553, 55, 10
541, 718, 22, 5
542, 1389, 40, 8
543, 1438, 62, 9
544, 759, 36, 12
545, 1826, 94, 3
546, 1464, 82, 2
547, 1109, 38, 5
548, 1821, 54, 16
549, 348, 25, 3
550, 1182, 13, 12
551, 1527, 5, 4
552, 1170, 81, 20
553, 1360, 58, 4
554, 1764, 6, 15
555, 1000, 90, 8
556, 336, 17, 18
557, 1575, 8, 13
558, 1832, 68, 19
559, 1640, 90, 16
560, 1238, 65, 16
561, 1687, 28, 19
562, 618, 52, 19
563, 381, 99, 1
564, 884, 82, 20
565, 33, 29, 12
566, 1586, 74, 18
567, 865, 34, 4
568, 577, 27, 3
569, 1280, 88, 17
570, 803, 35, 15
571, 1118, 7, 17
572, 1729, 28, 6
573, 1070, 79, 14
574, 819, 3, 11
575, 1323, 11, 14
576, 1828, 25, 14
577, 387, 44, 15
578, 886, 37, 13
579, 516, 8, 6
580, 628, 32, 5
581, 1403, 6, 3
582, 1441, 14, 11
583, 1164, 7, 16
584, 1033, 7, 3
585, 122, 24, 14
586, 1328, 12, 14
587, 1751, 27, 4
588, 1498, 10, 18
589, 244, 78, 6
590, 293, 61, 3
591, 983, 75, 2
592, 205, 87, 5
593, 1655, 15, 12
594, 1342, 18, 19
595, 842, 89, 19
596, 1357, 3, 17
597, 1244, 52, 8
598, 1944, 99, 17
599, 959, 98, 2
600, 547, 51, 13
601, 1341, 31, 14
602, 300, 92, 14
603, 1247, 4, 10
604, 596, 59, 18
605, 835, 72, 1
606, 124, 64, 1
607, 173, 65, 3
608, 23, 24, 14
609, 829, 34, 19
610, 174, 39, 2
611, 991, 3, 1
612, 1652, 70, 17
613, 1226, 23, 9
614, 100, 64, 18
615, 1945, 67, 4
616, 69, 5, 1
617, 111, 8, 6
618, 672, 67, 15
619, 1872, 97, 11
620, 433, 53, 1
621, 1987, 28, 5
622, 558, 21, 18
623, 494, 61, 13
624, 493, 42, 15
625, 93, 82, 10
626, 1670, 12, 6
627, 1568, 15, 7
628, 172, 3, 1
629, 1577, 18, 15
630, 294, 6, 11
631, 48, 81, 17
632, 967, 89, 6
633, 1536, 63, 11
634, 133, 86, 13
635, 1902, 93, 8
636, 1034, 73, 14
637, 139, 48, 13
638, 1368, 8, 7
639, 1515, 49, 7
640, 792, 95, 17
641, 1497, 48, 4
642, 1791, 41, 8
643, 1916, 37, 3
644, 120, 59, 9
645, 1380, 51, 9
646, 1858, 54, 19
647, 1165, 90, 13
648, 32, 11, 20
649, 68, 32, 17
650, 1842, 4, 18
651, 581, 22, 9
652, 1745, 89, 2
653, 1571, 67, 1
654, 1922, 23, 4
655, 1855, 71, 5
656, 655, 92, 10
657, 1268, 42, 14
658, 1705, 62, 6
659, 1716, 18, 10
660, 1840, 24, 19
661, 283, 96, 12
662, 1035, 89, 8
663, 1440, 88, 7
664, 637, 10, 1
665, 466, 56, 17
666, 247, 80, 16
667, 1399, 68, 5
668, 137, 61, 1
669, 720, 2, 14
670, 1371, 58, 15
671, 424, 88, 5
672, 1738, 59, 19
673, 888, 38, 9
674, 711, 10, 11
675, 1504, 80, 12
676, 1123, 35, 10
677, 38, 23, 13
678, 4, 51, 16
679, 176, 19, 7
680, 181, 77, 4
681, 259, 27, 18
682, 1876, 29, 12
683, 207, 67, 7
684, 343, 18, 5
685, 918, 40, 12
686, 1513, 50, 17
687, 330, 93, 5
688, 420, 45, 9
689, 1889, 30, 4
690, 202, 42, 2
691, 24, 54, 13
692, 1540, 36, 3
693, 1765, 2, 11
694, 1760, 7, 17
695, 1470, 68, 2
696, 700, 70, 10
697, 1744, 36, 16
698, 1786, 98, 13
699, 30, 68, 7
700, 1967, 15, 8
701, 1261, 68, 18
702, 1334, 52, 19
703, 632, 85, 7
704, 978, 7, 14
705, 879, 93, 14
706, 1715, 95, 15
707, 1411, 40, 18
708, 1734, 30, 13
709, 342, 78, 10
710, 1660, 37, 1
711, 1743, 48, 18
712, 441, 42, 12
713, 905, 66, 14
714, 1908, 81, 15
715, 1947, 6, 17
716, 117, 56, 16
717, 286, 35, 3
718, 1188, 97, 16
719, 1272, 60, 9
720, 1853, 15, 1
721, 812, 34, 8
722, 936, 100, 4
723, 1099, 88, 7
724, 1307, 10, 11
725, 1953, 86, 11
726, 1325, 90, 4
727, 2, 59, 5
728, 1714, 58, 14
729, 1800, 41, 13
730, 1029, 27, 5
731, 1625, 35, 2
732, 1054, 54, 12
733, 1251, 10, 14
734, 622, 7, 15
735, 597, 1, 20
736, 20, 52, 15
737, 603, 76, 18
738, 1352, 46, 19
739, 43, 66, 15
740, 1904, 24, 9
741, 1148, 64, 10
742, 1795, 57, 3
743, 1752, 6, 15
744, 671, 22, 4
745, 163, 3, 13
746, 1776, 66, 18
747, 676, 77, 16
748, 1538, 66, 17
749, 1234, 50, 4
750, 1597, 30, 2
751, 1507, 45, 13
752, 201, 99, 14
753, 1162, 84, 19
754, 333, 51, 8
755, 1252, 59, 17
756, 216, 10, 20
757, 1814, 96, 2
758, 988, 19, 18
759, 1173, 60, 3
760, 251, 63, 7
761, 1085, 62, 12
762, 316, 31, 2
763, 1839, 31, 8
764, 1817, 41, 13
765, 1243, 11, 16
766, 1133, 77, 3
767, 269, 73, 19
768, 1212, 90, 11
769, 314, 39, 20
770, 502, 4, 6
771, 55, 92, 13
772, 653, 5, 4
773, 1180, 3, 17
774, 301, 5, 17
775, 1997, 89, 5
776, 1775, 46, 19
777, 80, 36, 10
778, 1310, 14, 10
779, 995, 26, 4
780, 684, 7, 18
781, 471, 57, 1
782, 872, 53, 7
783, 102, 96, 17
784, 939, 2, 10
785, 482, 27, 10
786, 1759, 61, 12
787, 813, 16, 14
788, 370, 42, 8
789, 1296, 90, 18
790, 306, 46, 10
791, 1028, 65, 1
792, 775, 22, 5
793, 29, 54, 13
794, 687, 16, 16
795, 307, 51, 17
796, 1680, 98, 3
797, 818, 3, 3
798, 410, 19, 12
799, 256, 6, 7
800, 1666, 49, 11
801, 1886, 85, 3
802, 1701, 91, 10
803, 1813, 32, 12
804, 968, 58, 9
805, 223, 54, 13
806, 1181, 92, 19
807, 237, 19, 16
808, 1657, 54, 7
809, 762, 94, 14
810, 1881, 93, 5
811, 827, 61, 17
812, 660, 26, 15
813, 756, 66, 8
814, 909, 12, 8
815, 41, 25, 16
816, 63, 29, 6
817, 1870, 95, 8
818, 1798, 19, 11
819, 206, 44, 8
820, 64, 16, 8
821, 1630, 8, 5
822, 1250, 77, 19
823, 1877, 63, 2
824, 1941, 68, 10
825, 666, 76, 11
826, 1374, 78, 5
827, 116, 21, 16
828, 1600, 77, 18
829, 11, 94, 3
830, 479, 19, 18
831, 1878, 39, 5
832, 1458, 65, 13
833, 1069, 76, 5
834, 998, 19, 17
835, 574, 81, 17
836, 861, 82, 7
837, 180, 50, 11
838, 796, 11, 14
839, 1968, 6, 18
840, 779, 36, 15
841, 838, 42, 18
842, 719, 68, 4
843, 1154, 22, 12
844, 1820, 37, 20
845, 1303, 9, 1
846, 640, 57, 5
847, 1043, 8, 16
848, 295, 6, 10
849, 1494, 19, 9
850, 949, 69, 11
851, 1220, 16, 6
852, 1930, 37, 6
853, 1556, 47, 17
854, 192, 57, 2
855, 239, 43, 19
856, 37, 88, 1
857, 1086, 60, 18
858, 1095, 84, 10
859, 320, 67, 20
860, 1619, 4, 1
861, 27, 75, 16
862, 552, 79, 18
863, 1140, 91, 12
864, 832, 7, 19
865, 883, 96, 5
866, 1232, 99, 14
867, 530, 98, 12
868, 1634, 82, 17
869, 1788, 67, 15
870, 1938, 17, 19
871, 854, 61, 1
872, 1072, 17, 2
873, 263, 58, 12
874, 542, 21, 20
875, 1767, 40, 15
876, 262, 93, 5
877, 847, 18, 17
878, 1879, 89, 20
879, 1730, 41, 16
880, 1785, 20, 20
881, 957, 34, 13
882, 159, 91, 19
883, 989, 90, 5
884, 1246, 50, 5
885, 1146, 45, 10
886, 543, 43, 14
887, 1604, 27, 4
888, 1595, 67, 9
889, 1198, 90, 9
890, 1301, 9, 5
891, 1611, 93, 8
892, 1854, 52, 7
893, 760, 69, 8
894, 427, 88, 18
895, 890, 1, 10
896, 1132, 45, 2
897, 1566, 82, 20
898, 1007, 93, 19
899, 697, 58, 13
900, 297, 48, 3
901, 891, 11, 18
902, 538, 88, 7
903, 646, 29, 5
904, 729, 40, 3
905, 1935, 10, 19
906, 1850, 59, 2
907, 1663, 68, 14
908, 72, 63, 9
909, 592, 18, 7
910, 1882, 3, 10
911, 1782, 48, 7
912, 418, 36, 19
913, 1838, 9, 12
914, 1315, 47, 9
915, 1285, 50, 4
916, 930, 88, 14
917, 657, 46, 13
918, 1880, 98, 14
919, 481, 45, 18
920, 533, 87, 2
921, 177, 95, 9
922, 12, 70, 18
923, 1956, 99, 7
924, 1587, 86, 4
925, 229, 31, 6
926, 612, 94, 11
927, 164, 83, 18
928, 1685, 40, 4
929, 448, 20, 1
930, 500, 90, 4
931, 624, 12, 3
932, 594, 92, 10
933, 204, 94, 14
934, 1137, 11, 3
935, 1392, 69, 13
936, 1356, 6, 1
937, 415, 20, 8
938, 446, 85, 20
939, 642, 47, 15
940, 226, 65, 12
941, 1567, 45, 3
942, 1279, 100, 15
943, 971, 64, 11
944, 1016, 32, 19
945, 1959, 32, 7
946, 57, 73, 9
947, 1283, 98, 7
948, 1526, 100, 13
949, 1827, 15, 14
950, 1528, 22, 10
951, 707, 69, 9
952, 1957, 75, 15
953, 667, 71, 20
954, 218, 66, 20
955, 1644, 36, 17
956, 845, 33, 2
957, 731, 35, 8
958, 849, 27, 3
959, 504, 6, 15
960, 1311, 19, 15
961, 535, 14, 6
962, 19, 36, 12
963, 1050, 70, 4
964, 200, 43, 8
965, 706, 82, 16
966, 784, 17, 13
967, 1340, 59, 1
968, 1222, 91, 11
969, 1130, 89, 6
970, 926, 8, 12
971, 1543, 36, 16
972, 426, 24, 3
973, 147, 25, 6
974, 1616, 22, 13
975, 429, 61, 17
976, 522, 66, 6
977, 1160, 76, 6
978, 871, 84, 2
979, 255, 84, 19
980, 1777, 72, 16
981, 472, 30, 6
982, 1309, 76, 2
983, 365, 97, 8
984, 1242, 17, 16
985, 339, 30, 6
986, 1110, 13, 15
987, 15, 96, 6
988, 999, 53, 10
989, 1829, 38, 3
990, 1520, 22, 3
991, 1394, 54, 13
992, 1292, 5, 10
993, 1980, 87, 1
994, 1631, 47, 7
995, 1204, 3, 7
996, 162, 29, 10
997, 1465, 76, 6
998, 355, 28, 8
999, 1769, 24, 10
1000, 1650, 2, 18
1001, 794, 51, 4
1002, 852, 26, 19
1003, 764, 7, 9
1004, 1431, 62, 12
1005, 904, 33, 3
1006, 1412, 4, 12
1007, 804, 79, 7
1008, 752, 23, 3
1009, 1963, 4, 20
1010, 1213, 20, 7
1011, 270, 82, 10
1012, 1367, 84, 1
1013, 454, 5, 19
1014, 423, 11, 11
1015, 1927, 46, 4
1016, 1011, 56, 12
1017, 964, 51, 4
1018, 1125, 38, 17
1019, 1799, 78, 11
1020, 1068, 76, 16
1021, 268, 74, 5
1022, 1435, 71, 12
1023, 1613, 92, 5
1024, 1824, 97, 1
1025, 1428, 66, 2
1026, 1329, 15, 20
1027, 670, 96, 4
1028, 881, 13, 3
1029, 1755, 50, 2
1030, 1407, 89, 8
1031, 1398, 48, 12
1032, 892, 76, 10
1033, 595, 7, 6
1034, 620, 50, 5
1035, 257, 36, 12
1036, 572, 92, 7
1037, 129, 41, 7
1038, 1695, 54, 18
1039, 384, 76, 8
1040, 1166, 98, 5
1041, 435, 66, 16
1042, 1537, 20, 1
1043, 402, 76, 5
1044, 1653, 76, 9
1045, 709, 52, 1
1046, 1833, 74, 8
1047, 313, 100, 14
1048, 662, 90, 1
1049, 841, 49, 6
1050, 1326, 55, 15
1051, 619, 89, 18
1052, 1467, 8, 2
1053, 1365, 5, 7
1054, 1580, 64, 7
1055, 161, 50, 13
1056, 869, 16, 20
1057, 1647, 45, 11
1058, 326, 63, 15
1059, 766, 72, 13
1060, 1643, 39, 8
1061, 89, 16, 1
1062, 943, 14, 18
1063, 323, 66, 17
1064, 1042, 23, 6
1065, 1378, 83, 8
1066, 444, 94, 9
1067, 392, 42, 7
1068, 401, 28, 15
1069, 503, 99, 12
1070, 167, 43, 17
1071, 1669, 72, 5
1072, 1519, 94, 14
1073, 1079, 97, 19
1074, 1753, 73, 17
1075, 1606, 24, 17
1076, 279, 71, 7
1077, 1739, 52, 8
1078, 1913, 26, 9
1079, 438, 37, 13
1080, 54, 97, 6
1081, 1295, 44, 20
1082, 979, 46, 17
1083, 1628, 46, 19
1084, 1954, 38, 18
1085, 1221, 91, 6
1086, 1447, 87, 4
1087, 71, 9, 20
1088, 61, 24, 20
1089, 1120, 32, 7
1090, 828, 38, 18
1091, 1039, 98, 12
1092, 234, 40, 13
1093, 1427, 28, 10
1094, 1432, 62, 1
1095, 953, 74, 10
1096, 928, 93, 14
1097, 189, 7, 20
1098, 434, 98, 11
1099, 772, 73, 20
1100, 1783, 15, 4
1101, 960, 3, 12
1102, 1077, 24, 12
1103, 702, 13, 4
1104, 1672, 92, 13
1105, 1484, 64, 5
1106, 1014, 11, 1
1107, 352, 48, 16
1108, 532, 83, 20
1109, 1128, 58, 1
1110, 408, 58, 10
1111, 699, 44, 16
1112, 649, 47, 9
1113, 101, 47, 17
1114, 944, 55, 11
1115, 1190, 36, 20
1116, 1031, 100, 18
1117, 1501, 32, 14
1118, 816, 45, 15
1119, 789, 67, 1
1120, 1539, 25, 1
1121, 1171, 2, 13
1122, 566, 50, 14
1123, 157, 3, 8
1124, 1646, 49, 12
1125, 658, 52, 1
1126, 627, 39, 8
1127, 1736, 66, 10
1128, 1642, 29, 13
1129, 1224, 39, 6
1130, 568, 39, 8
1131, 1076, 59, 18
1132, 79, 23, 20
1133, 303, 94, 12
1134, 40, 42, 15
1135, 1299, 11, 16
1136, 188, 74, 15
1137, 8, 73, 11
1138, 1774, 65, 11
1139, 1901, 64, 10
1140, 439, 56, 1
1141, 1179, 69, 6
1142, 266, 20, 18
1143, 613, 20, 4
1144, 1950, 5, 14
1145, 1396, 82, 5
1146, 437, 4, 17
1147, 1206, 77, 7
1148, 648, 97, 19
1149, 1351, 19, 18
1150, 73, 89, 14
1151, 1570, 40, 12
1152, 1195, 51, 12
1153, 398, 30, 12
1154, 1480, 9, 20
1155, 908, 33, 3
1156, 165, 97, 13
1157, 1709, 64, 8
1158, 1131, 1, 5
1159, 125, 60, 8
1160, 1383, 27, 2
1161, 882, 98, 3
1162, 520, 98, 5
1163, 103, 92, 12
1164, 1209, 71, 13
1165, 1277, 40, 20
1166, 721, 56, 13
1167, 154, 87, 2
1168, 625, 36, 19
1169, 678, 83, 17
1170, 571, 58, 12
1171, 467, 93, 3
1172, 1548, 76, 1
1173, 696, 61, 9
1174, 96, 20, 5
1175, 49, 26, 12
1176, 1825, 86, 11
1177, 1724, 69, 3
1178, 1664, 32, 20
1179, 1706, 90, 9
1180, 525, 12, 13
1181, 732, 13, 17
1182, 1691, 48, 2
1183, 868, 50, 6
1184, 1735, 17, 1
1185, 106, 11, 20
1186, 1257, 84, 8
1187, 781, 3, 7
1188, 1831, 16, 6
1189, 770, 5, 10
1190, 405, 86, 7
1191, 763, 54, 15
1192, 143, 72, 2
1193, 601, 96, 2
1194, 1141, 89, 9
1195, 1502, 92, 9
1196, 1143, 82, 7
1197, 1210, 86, 12
1198, 369, 62, 8
1199, 1518, 93, 5
1200, 974, 56, 5
1201, 1275, 69, 14
1202, 1846, 73, 17
1203, 654, 44, 16
1204, 948, 32, 7
1205, 341, 24, 5
1206, 1552, 75, 9
1207, 1337, 41, 13
1208, 273, 60, 12
1209, 1004, 16, 20
1210, 1219, 73, 6
1211, 746, 10, 10
1212, 1217, 94, 7
1213, 1347, 35, 12
1214, 107, 50, 12
1215, 1912, 100, 13
1216, 186, 63, 8
1217, 805, 58, 8
1218, 34, 59, 8
1219, 373, 27, 15
1220, 1317, 3, 6
1221, 1449, 36, 19
1222, 1985, 82, 8
1223, 661, 40, 8
1224, 694, 57, 17
1225, 144, 96, 11
1226, 523, 7, 20
1227, 1741, 17, 17
1228, 975, 4, 12
1229, 509, 45, 6
1230, 768, 90, 12
1231, 1231, 46, 20
1232, 491, 50, 1
1233, 1749, 9, 17
1234, 1081, 7, 1
1235, 1393, 62, 10
1236, 1873, 82, 12
1237, 1362, 14, 14
1238, 317, 72, 14
1239, 1946, 21, 1
1240, 183, 91, 5
1241, 515, 27, 11
1242, 185, 24, 4
1243, 1350, 1, 9
1244, 1387, 60, 14
1245, 1157, 33, 5
1246, 611, 88, 2
1247, 1671, 96, 6
1248, 1523, 71, 17
1249, 1632, 85, 13
1250, 485, 25, 4
1251, 1830, 36, 4
1252, 112, 73, 2
1253, 1451, 58, 6
1254, 319, 39, 12
1255, 873, 24, 20
1256, 1474, 92, 4
1257, 691, 33, 5
1258, 1667, 22, 11
1259, 1476, 8, 3
1260, 945, 7, 14
1261, 1057, 100, 19
1262, 108, 70, 6
1263, 280, 82, 9
1264, 1300, 24, 6
1265, 1522, 98, 6
1266, 1, 99, 3
1267, 1906, 97, 11
1268, 213, 71, 15
1269, 1452, 55, 15
1270, 1361, 99, 1
1271, 1348, 79, 2
1272, 821, 37, 3
1273, 1610, 70, 19
1274, 1353, 22, 9
1275, 1592, 74, 3
1276, 451, 33, 1
1277, 1159, 25, 1
1278, 199, 54, 10
1279, 175, 53, 12
1280, 1847, 99, 3
1281, 787, 85, 7
1282, 130, 42, 16
1283, 288, 51, 7
1284, 1018, 31, 19
1285, 1138, 89, 10
1286, 291, 94, 13
1287, 1053, 43, 1
1288, 1576, 12, 15
1289, 693, 78, 13
1290, 25, 6, 9
1291, 1098, 92, 19
1292, 1857, 58, 18
1293, 1270, 67, 10
1294, 91, 81, 11
1295, 1511, 68, 1
1296, 16, 50, 6
1297, 312, 19, 5
1298, 3, 73, 4
1299, 243, 36, 9
1300, 1287, 9, 20
1301, 1073, 26, 16
1302, 1473, 54, 10
1303, 1859, 71, 4
1304, 1208, 72, 5
1305, 1719, 12, 17
1306, 681, 91, 17
1307, 1293, 14, 4
1308, 548, 23, 16
1309, 1161, 94, 17
1310, 1689, 6, 9
1311, 1623, 93, 3
1312, 1835, 50, 13
1313, 480, 95, 6
1314, 1088, 53, 2
1315, 508, 4, 11
1316, 1259, 12, 8
1317, 121, 53, 17
1318, 1233, 43, 12
1319, 1583, 12, 5
1320, 820, 70, 13
1321, 750, 56, 12
1322, 1461, 59, 17
1323, 1384, 98, 17
1324, 1903, 26, 11
1325, 1253, 69, 18
1326, 824, 37, 16
1327, 570, 3, 6
1328, 839, 94, 11
1329, 899, 89, 17
1330, 1727, 62, 15
1331, 527, 23, 9
1332, 1169, 83, 8
1333, 385, 21, 17
1334, 1430, 34, 20
1335, 1802, 95, 5
1336, 397, 13, 19
1337, 1698, 55, 2
1338, 78, 26, 5
1339, 1932, 62, 15
1340, 1200, 94, 19
1341, 67, 69, 11
1342, 1718, 65, 19
1343, 436, 82, 4
1344, 1202, 13, 3
1345, 1562, 5, 5
1346, 474, 98, 11
1347, 1418, 51, 15
1348, 1093, 14, 14
1349, 1662, 71, 15
1350, 1541, 5, 5
1351, 178, 55, 1
1352, 925, 19, 7
1353, 1601, 62, 4
1354, 1637, 15, 16
1355, 1187, 30, 2
1356, 1338, 39, 6
1357, 1574, 64, 4
1358, 698, 49, 13
1359, 431, 84, 8
1360, 1708, 21, 19
1361, 92, 84, 20
1362, 1973, 32, 5
1363, 1584, 38, 14
1364, 1994, 53, 11
1365, 1658, 79, 10
1366, 399, 9, 12
1367, 755, 23, 2
1368, 893, 91, 1
1369, 834, 22, 20
1370, 1926, 75, 10
1371, 56, 95, 9
1372, 233, 71, 5
1373, 1135, 43, 13
1374, 31, 42, 9
1375, 1260, 3, 12
1376, 1306, 15, 4
1377, 650, 25, 8
1378, 809, 93, 14
1379, 44, 90, 5
1380, 140, 63, 16
1381, 1477, 82, 16
1382, 911, 99, 14
1383, 867, 79, 17
1384, 1668, 46, 1
1385, 578, 100, 3
1386, 1810, 16, 12
1387, 1725, 91, 15
1388, 1860, 26, 17
1389, 375, 4, 17
1390, 1928, 100, 10
1391, 843, 51, 11
1392, 1021, 40, 2
1393, 362, 12, 15
1394, 1055, 68, 7
1395, 1178, 13, 17
1396, 1768, 37, 12
1397, 442, 24, 16
1398, 1404, 46, 9
1399, 60, 53, 9
1400, 486, 84, 2
1401, 815, 89, 9
1402, 267, 20, 3
1403, 142, 1, 4
1404, 1934, 46, 19
1405, 1397, 25, 19
1406, 1534, 20, 20
1407, 1512, 8, 1
1408, 1001, 93, 15
1409, 856, 21, 20
1410, 910, 33, 12
1411, 1964, 34, 14
1412, 1045, 56, 6
1413, 1676, 34, 20
1414, 1703, 54, 9
1415, 469, 78, 13
1416, 1560, 18, 18
1417, 1645, 31, 16
1418, 227, 74, 6
1419, 149, 30, 18
1420, 1966, 5, 11
1421, 1622, 57, 13
1422, 432, 54, 5
1423, 406, 57, 16
1424, 82, 7, 4
1425, 1720, 43, 20
1426, 1066, 59, 15
1427, 232, 26, 4
1428, 488, 96, 18
1429, 546, 59, 14
1430, 1865, 16, 7
1431, 825, 27, 8
1432, 1981, 93, 2
1433, 1127, 78, 11
1434, 675, 37, 20
1435, 287, 90, 16
1436, 1336, 91, 13
1437, 74, 62, 5
1438, 1713, 97, 12
1439, 1943, 97, 20
1440, 1933, 32, 12
1441, 1060, 57, 17
1442, 52, 79, 17
1443, 1620, 98, 20
1444, 358, 44, 3
1445, 1177, 64, 20
1446, 197, 40, 13
1447, 701, 48, 1
1448, 1153, 53, 5
1449, 1359, 20, 16
1450, 894, 91, 2
1451, 241, 85, 5
1452, 920, 38, 18
1453, 1124, 8, 2
1454, 536, 89, 18
1455, 194, 46, 2
1456, 1010, 1, 10
1457, 1565, 16, 10
1458, 575, 55, 17
1459, 906, 5, 10
1460, 1602, 72, 15
1461, 1516, 73, 3
1462, 282, 21, 6
1463, 776, 35, 17
1464, 1439, 90, 18
1465, 898, 44, 13
1466, 1915, 63, 2
1467, 345, 44, 11
1468, 1423, 16, 2
1469, 417, 81, 10
1470, 1506, 1, 16
1471, 1809, 18, 15
1472, 808, 27, 17
1473, 1298, 47, 10
1474, 579, 11, 3
1475, 994, 82, 5
1476, 1372, 97, 13
1477, 1490, 70, 8
1478, 617, 57, 8
1479, 1364, 44, 3
1480, 13, 83, 8
1481, 478, 40, 18
1482, 790, 16, 14
1483, 98, 25, 7
1484, 1754, 8, 2
1485, 877, 15, 18
1486, 1294, 90, 14
1487, 278, 7, 15
1488, 1456, 22, 13
1489, 1856, 61, 6
1490, 1413, 69, 11
1491, 1816, 99, 5
1492, 460, 36, 6
1493, 1263, 92, 3
1494, 1216, 51, 14
1495, 1624, 42, 2
1496, 1505, 11, 9
1497, 773, 30, 12
1498, 801, 18, 7
1499, 1090, 22, 4
1500, 1230, 14, 11
1501, 1112, 70, 11
1502, 741, 81, 6
1503, 1972, 98, 11
1504, 1419, 97, 6
1505, 1199, 65, 13
1506, 1608, 11, 8
1507, 505, 48, 18
1508, 285, 45, 9
1509, 1677, 90, 1
1510, 236, 88, 8
1511, 1532, 87, 5
1512, 224, 38, 17
1513, 506, 63, 20
1514, 576, 15, 15
1515, 209, 18, 8
1516, 526, 81, 4
1517, 1489, 17, 11
1518, 1236, 13, 11
1519, 123, 18, 12
1520, 668, 79, 18
1521, 1047, 42, 6
1522, 22, 43, 16
1523, 1436, 13, 3
1524, 1711, 21, 5
1525, 1962, 9, 8
1526, 337, 9, 20
1527, 1917, 45, 11
1528, 987, 84, 11
1529, 1256, 4, 20
1530, 588, 40, 11
1531, 1316, 57, 14
1532, 1733, 43, 19
1533, 26, 57, 7
1534, 961, 85, 6
1535, 1218, 96, 3
1536, 840, 7, 7
1537, 252, 30, 10
1538, 923, 42, 8
1539, 260, 5, 6
1540, 1509, 64, 10
1541, 1887, 25, 5
1542, 963, 81, 11
1543, 560, 82, 4
1544, 470, 25, 9
1545, 1898, 57, 7
1546, 284, 97, 16
1547, 419, 92, 11
1548, 1121, 62, 14
1549, 1618, 16, 16
1550, 896, 65, 16
1551, 468, 32, 19
1552, 969, 6, 2
1553, 514, 86, 14
1554, 1189, 38, 5
1555, 152, 11, 16
1556, 761, 62, 9
1557, 539, 16, 15
1558, 379, 35, 13
1559, 742, 29, 4
1560, 1108, 95, 20
1561, 931, 20, 16
1562, 837, 26, 7
1563, 501, 83, 12
1564, 1803, 45, 14
1565, 1114, 21, 13
1566, 1460, 49, 13
1567, 1951, 95, 19
1568, 682, 91, 4
1569, 713, 97, 14
1570, 862, 90, 13
1571, 1773, 50, 17
1572, 686, 8, 10
1573, 561, 60, 7
1574, 1058, 24, 7
1575, 346, 17, 20
1576, 1240, 94, 12
1577, 609, 13, 1
1578, 1462, 93, 1
1579, 1621, 5, 9
1580, 737, 42, 1
1581, 47, 99, 15
1582, 507, 70, 17
1583, 992, 83, 11
1584, 1201, 11, 15
1585, 238, 98, 4
1586, 1636, 80, 15
1587, 1487, 53, 10
1588, 1582, 49, 16
1589, 311, 16, 7
1590, 743, 73, 9
1591, 554, 65, 19
1592, 1546, 57, 2
1593, 1289, 7, 5
1594, 1784, 22, 20
1595, 614, 52, 11
1596, 704, 94, 18
1597, 58, 46, 11
1598, 1030, 44, 15
1599, 1319, 86, 10
1600, 1184, 1, 9
1601, 1186, 84, 6
1602, 1836, 44, 17
1603, 986, 60, 13
1604, 519, 88, 14
1605, 354, 98, 13
1606, 367, 52, 9
1607, 1569, 74, 9
1608, 1998, 43, 13
1609, 376, 7, 6
1610, 562, 72, 15
1611, 1174, 75, 6
1612, 607, 31, 19
1613, 885, 27, 9
1614, 567, 98, 9
1615, 1019, 4, 10
1616, 598, 100, 18
1617, 935, 100, 6
1618, 712, 73, 6
1619, 1196, 71, 14
1620, 997, 70, 7
1621, 412, 51, 7
1622, 88, 34, 11
1623, 1083, 54, 11
1624, 1455, 17, 19
1625, 70, 99, 15
1626, 1302, 35, 9
1627, 1758, 50, 6
1628, 769, 100, 5
1629, 473, 31, 5
1630, 1924, 46, 20
1631, 1690, 100, 18
1632, 1581, 25, 6
1633, 1521, 47, 12
1634, 1191, 64, 11
1635, 1443, 62, 4
1636, 529, 16, 17
1637, 1381, 26, 14
1638, 641, 16, 10
1639, 1454, 98, 1
1640, 1763, 98, 4
1641, 559, 72, 8
1642, 1027, 8, 17
1643, 1993, 49, 2
1644, 1545, 1, 18
1645, 524, 56, 20
1646, 359, 91, 9
1647, 134, 51, 11
1648, 878, 58, 12
1649, 830, 75, 7
1650, 168, 97, 6
1651, 1579, 31, 7
1652, 780, 69, 5
1653, 591, 21, 2
1654, 492, 55, 16
1655, 340, 29, 7
1656, 870, 17, 7
1657, 1807, 52, 2
1658, 425, 14, 5
1659, 1151, 1, 14
1660, 1596, 97, 16
1661, 1074, 81, 5
1662, 499, 71, 19
1663, 1228, 79, 1
1664, 677, 45, 9
1665, 1890, 54, 19
1666, 1728, 29, 9
1667, 242, 34, 4
1668, 583, 21, 3
1669, 1185, 14, 13
1670, 1492, 97, 10
1671, 1017, 11, 9
1672, 215, 61, 17
1673, 811, 13, 6
1674, 1052, 74, 8
1675, 1988, 31, 20
1676, 895, 31, 18
1677, 1496, 23, 19
1678, 1762, 41, 9
1679, 1971, 55, 17
1680, 889, 70, 7
1681, 1482, 100, 16
1682, 782, 94, 9
1683, 1723, 19, 13
1684, 1907, 1, 5
1685, 1103, 6, 16
1686, 275, 61, 17
1687, 1639, 84, 10
1688, 1771, 83, 15
1689, 383, 44, 11
1690, 1684, 91, 11
1691, 388, 24, 16
1692, 1366, 81, 20
1693, 235, 79, 16
1694, 87, 48, 11
1695, 593, 95, 5
1696, 679, 30, 18
1697, 1284, 24, 3
1698, 169, 90, 2
1699, 1015, 73, 16
1700, 1245, 83, 14
1701, 1142, 73, 11
1702, 1278, 66, 13
1703, 606, 67, 1
1704, 1193, 94, 8
1705, 1168, 18, 13
1706, 1235, 87, 16
1707, 1064, 45, 5
1708, 456, 100, 16
1709, 151, 96, 10
1710, 557, 26, 9
1711, 758, 76, 17
1712, 1097, 73, 9
1713, 368, 10, 7
1714, 1503, 73, 4
1715, 1693, 11, 13
1716, 608, 69, 16
1717, 645, 74, 3
1718, 563, 41, 17
1719, 113, 99, 15
1720, 912, 69, 9
1721, 271, 81, 2
1722, 946, 57, 20
1723, 225, 25, 1
1724, 1237, 27, 5
1725, 1796, 34, 6
1726, 212, 17, 11
1727, 1588, 45, 2
1728, 155, 68, 18
1729, 153, 74, 2
1730, 1697, 47, 5
1731, 1006, 1, 10
1732, 1156, 79, 6
1733, 1471, 11, 19
1734, 1241, 91, 3
1735, 1925, 13, 12
1736, 977, 14, 15
1737, 1134, 7, 17
1738, 1843, 89, 1
1739, 458, 5, 5
1740, 866, 74, 6
1741, 1379, 53, 10
1742, 730, 44, 3
1743, 1429, 44, 14
1744, 1258, 2, 11
1745, 1271, 43, 19
1746, 705, 10, 15
1747, 274, 46, 16
1748, 477, 64, 13
1749, 996, 21, 20
1750, 855, 70, 5
1751, 1481, 4, 17
1752, 726, 10, 18
1753, 394, 75, 2
1754, 1761, 23, 19
1755, 735, 47, 16
1756, 81, 6, 9
1757, 629, 47, 1
1758, 1823, 31, 7
1759, 1369, 1, 7
1760, 364, 90, 1
1761, 119, 61, 15
1762, 663, 17, 19
1763, 788, 39, 9
1764, 21, 39, 1
1765, 374, 35, 10
1766, 965, 63, 5
1767, 586, 29, 13
1768, 476, 13, 7
1769, 1573, 14, 8
1770, 1607, 51, 10
1771, 1320, 6, 1
1772, 550, 52, 4
1773, 115, 55, 16
1774, 1544, 20, 11
1775, 382, 72, 13
1776, 203, 97, 1
1777, 347, 26, 18
1778, 1598, 2, 10
1779, 1037, 97, 11
1780, 1239, 100, 8
1781, 857, 94, 19
1782, 1147, 73, 4
1783, 487, 14, 2
1784, 1984, 88, 5
1785, 1804, 31, 5
1786, 1864, 83, 4
1787, 1084, 54, 18
1788, 1214, 64, 7
1789, 850, 77, 5
1790, 972, 60, 7
1791, 1869, 44, 12
1792, 1781, 58, 10
1793, 716, 58, 18
1794, 1895, 1, 20
1795, 1391, 46, 5
1796, 844, 87, 7
1797, 484, 89, 1
1798, 1255, 86, 15
1799, 1468, 99, 18
1800, 1848, 86, 11
1801, 1026, 95, 9
1802, 50, 58, 6
1803, 1897, 55, 6
1804, 765, 15, 17
1805, 329, 34, 6
1806, 475, 2, 19
1807, 393, 100, 18
1808, 1488, 81, 17
1809, 1304, 42, 11
1810, 110, 61, 19
1811, 1918, 72, 5
1812, 1485, 64, 11
1813, 1274, 36, 19
1814, 195, 67, 13
1815, 128, 24, 13
1816, 767, 3, 18
1817, 512, 42, 18
1818, 221, 61, 11
1819, 1863, 74, 2
1820, 1757, 79, 12
1821, 714, 2, 1
1822, 1106, 48, 18
1823, 490, 72, 16
1824, 5, 19, 17
1825, 689, 32, 10
1826, 876, 55, 6
1827, 1358, 9, 12
1828, 378, 2, 12
1829, 902, 56, 14
1830, 1032, 1, 14
1831, 361, 3, 20
1832, 1549, 17, 8
1833, 590, 14, 5
1834, 105, 75, 7
1835, 1949, 56, 15
1836, 53, 31, 8
1837, 1078, 60, 18
1838, 1044, 25, 11
1839, 248, 58, 4
1840, 848, 22, 3
1841, 1585, 13, 6
1842, 1910, 38, 8
1843, 1722, 17, 12
1844, 1150, 85, 11
1845, 193, 69, 8
1846, 1808, 76, 15
1847, 569, 81, 15
1848, 1656, 6, 10
1849, 916, 43, 17
1850, 1406, 89, 2
1851, 1742, 12, 7
1852, 1554, 73, 12
1853, 46, 86, 12
1854, 498, 37, 12
1855, 797, 24, 18
1856, 254, 91, 4
1857, 1651, 61, 19
1858, 1376, 58, 6
1859, 1288, 58, 5
1860, 669, 74, 4
1861, 1699, 15, 7
1862, 954, 10, 15
1863, 1837, 21, 3
1864, 457, 22, 12
1865, 1417, 100, 2
1866, 727, 72, 6
1867, 391, 49, 10
1868, 459, 39, 6
1869, 1794, 32, 4
1870, 1589, 90, 20
1871, 793, 86, 2
1872, 17, 78, 1
1873, 1459, 22, 14
1874, 1297, 47, 9
1875, 1091, 32, 18
1876, 717, 14, 5
1877, 264, 30, 5
1878, 318, 70, 12
1879, 1448, 74, 13
1880, 985, 56, 12
1881, 1605, 24, 14
1882, 452, 25, 10
1883, 1445, 88, 20
1884, 290, 70, 17
1885, 104, 15, 20
1886, 1665, 86, 4
1887, 308, 27, 2
1888, 1119, 58, 1
1889, 400, 28, 17
1890, 836, 42, 6
1891, 138, 77, 14
1892, 114, 48, 3
1893, 1092, 57, 7
1894, 1995, 90, 5
1895, 973, 94, 17
1896, 10, 77, 15
1897, 344, 9, 19
1898, 245, 73, 15
1899, 1331, 75, 13
1900, 196, 38, 12
1901, 95, 60, 10
1902, 739, 86, 10
1903, 980, 85, 2
1904, 146, 68, 12
1905, 757, 59, 10
1906, 1290, 69, 10
1907, 1923, 47, 11
1908, 36, 95, 10
1909, 1422, 3, 9
1910, 1991, 73, 19
1911, 132, 63, 20
1912, 1071, 56, 14
1913, 692, 5, 2
1914, 626, 28, 3
1915, 1815, 35, 9
1916, 722, 11, 6
1917, 1996, 63, 7
1918, 1183, 67, 6
1919, 443, 65, 17
1920, 1113, 89, 6
1921, 602, 48, 15
1922, 1594, 26, 6
1923, 1273, 34, 9
1924, 377, 77, 2
1925, 1061, 85, 14
1926, 231, 59, 4
1927, 1038, 26, 2
1928, 1227, 37, 7
1929, 1345, 83, 9
1930, 277, 38, 9
1931, 1463, 96, 10
1932, 1172, 47, 7
1933, 281, 25, 14
1934, 97, 34, 16
1935, 1965, 30, 17
1936, 1970, 70, 18
1937, 887, 71, 4
1938, 1883, 17, 10
1939, 982, 4, 16
1940, 1149, 48, 12
1941, 1841, 79, 4
1942, 150, 70, 4
1943, 799, 91, 16
1944, 534, 41, 7
1945, 984, 53, 5
1946, 880, 2, 3
1947, 1530, 93, 3
1948, 1732, 27, 10
1949, 1790, 8, 17
1950, 1822, 33, 3
1951, 585, 94, 6
1952, 1475, 69, 4
1953, 191, 28, 14
1954, 1269, 4, 7
1955, 440, 58, 13
1956, 1674, 56, 11
1957, 875, 62, 2
1958, 1819, 3, 3
1959, 970, 1, 19
1960, 919, 36, 20
1961, 1223, 36, 11
1962, 1327, 61, 9
1963, 800, 66, 1
1964, 915, 40, 7
1965, 1772, 1, 16
1966, 411, 51, 11
1967, 1780, 30, 18
1968, 464, 15, 10
1969, 1649, 68, 2
1970, 1561, 30, 9
1971, 510, 61, 18
1972, 1875, 94, 17
1973, 1388, 43, 4
1974, 1264, 64, 10
1975, 496, 14, 20
1976, 950, 89, 15
1977, 1115, 4, 9
1978, 1700, 90, 5
1979, 1712, 20, 17
1980, 913, 49, 4
1981, 1789, 42, 15
1982, 357, 5, 6
1983, 833, 14, 13
1984, 831, 65, 3
1985, 1229, 77, 7
1986, 1414, 39, 16
1987, 1420, 27, 12
1988, 170, 30, 5
1989, 272, 76, 6
1990, 616, 75, 2
1991, 1940, 81, 1
1992, 145, 77, 13
1993, 688, 81, 10
1994, 1479, 30, 14
1995, 1529, 11, 9
1996, 1862, 86, 4
1997, 745, 78, 3
1998, 1254, 63, 12
1999, 1806, 7, 13
2000, 1008, 63, 5
2001, 1351, 43, 2
2002, 1441, 9, 12
2003, 1123, 46, 1
2004, 1212, 89, 14
2005, 140, 59, 7
2006, 1475, 41, 9
2007, 87, 58, 19
2008, 1818, 94, 10
2009, 1977, 37, 17
2010, 701, 78, 2
2011, 310, 98, 8
2012, 26, 11, 7
2013, 672, 77, 20
2014, 958, 41, 12
2015, 607, 26, 17
2016, 537, 73, 11
2017, 902, 73, 18
2018, 1806, 48, 6
2019, 293, 68, 3
2020, 1752, 27, 15
2021, 1512, 96, 12
2022, 1073, 56, 15
2023, 856, 10, 13
2024, 936, 28, 14
2025, 1780, 96, 5
2026, 661, 94, 5
2027, 1751, 62, 14
2028, 350, 25, 10
2029, 182, 25, 10
2030, 1475, 42, 12
2031, 559, 32, 3
2032, 662, 13, 8
2033, 1880, 45, 6
2034, 1969, 75, 14
2035, 1232, 61, 17
2036, 467, 21, 1
2037, 396, 26, 7
2038, 472, 90, 1
2039, 482, 22, 11
2040, 1370, 2, 8
2041, 679, 41, 5
2042, 1798, 46, 6
2043, 937, 47, 6
2044, 537, 87, 15
2045, 38, 98, 18
2046, 1781, 44, 20
2047, 985, 4, 10
2048, 601, 77, 20
2049, 1413, 64, 2
2050, 480, 78, 16
2051, 498, 13, 12
2052, 340, 1, 4
2053, 979, 99, 6
2054, 1387, 61, 11
2055, 1247, 45, 1
2056, 1171, 82, 13
2057, 1018, 39, 19
2058, 265, 20, 20
2059, 699, 37, 17
2060, 1430, 5, 4
2061, 1468, 46, 1
2062, 1000, 89, 4
2063, 1772, 11, 11
2064, 1703, 19, 14
2065, 898, 18, 1
2066, 1945, 88, 15
2067, 465, 22, 15
2068, 1749, 9, 2
2069, 351, 44, 6
2070, 1869, 94, 1
2071, 474, 7, 12
2072, 1674, 63, 16
2073, 748, 69, 19
2074, 1511, 7, 18
2075, 80, 11, 19
2076, 807, 54, 1
2077, 504, 52, 13
2078, 684, 27, 15
2079, 902, 36, 16
2080, 118, 3, 2
2081, 118, 52, 18
2082, 1657, 68, 4
2083, 397, 35, 7
2084, 749, 86, 19
2085, 1418, 96, 19
2086, 1728, 13, 16
2087, 1284, 73, 14
2088, 909, 17, 8
2089, 1746, 60, 6
2090, 1822, 26, 6
2091, 1842, 10, 17
2092, 5, 97, 4
2093, 1496, 81, 8
2094, 1275, 68, 4
2095, 692, 41, 9
2096, 808, 68, 3
2097, 123, 37, 20
2098, 1419, 3, 13
2099, 1939, 45, 9
2100, 1556, 3, 13
2101, 1302, 60, 10
2102, 309, 7, 17
2103, 880, 3, 15
2104, 807, 92, 2
2105, 1287, 63, 11
2106, 1807, 27, 16
2107, 246, 79, 10
2108, 1704, 13, 11
2109, 1017, 33, 18
2110, 459, 26, 6
2111, 1851, 27, 9
2112, 517, 100, 4
2113, 1928, 83, 10
2114, 1905, 54, 11
2115, 1113, 86, 6
2116, 188, 91, 7
2117, 1772, 1, 1
2118, 214, 15, 6
2119, 1879, 27, 9
2120, 1197, 86, 16
2121, 584, 16, 6
2122, 182, 56, 14
2123, 954, 58, 7
2124, 356, 47, 9
2125, 824, 45, 1
2126, 287, 57, 1
2127, 1665, 66, 12
2128, 1481, 91, 15
2129, 1850, 72, 5
2130, 28, 29, 1
2131, 211, 10, 19
2132, 1185, 77, 10
2133, 137, 95, 1
2134, 1538, 45, 17
2135, 826, 91, 10
2136, 1827, 56, 1
2137, 1092, 75, 8
2138, 806, 70, 20
2139, 1516, 27, 3
2140, 971, 59, 4
2141, 466, 3, 16
2142, 16, 34, 13
2143, 1077, 19, 18
2144, 330, 55, 1
2145, 674, 97, 10
2146, 384, 7, 15
2147, 1388, 79, 17
2148, 219, 96, 20
2149, 74, 87, 6
2150, 918, 16, 17
2151, 199, 22, 6
2152, 1849, 1, 3
2153, 1636, 68, 3
2154, 1522, 75, 13
2155, 346, 40, 5
2156, 1849, 67, 19
2157, 673, 65, 15
2158, 654, 86, 10
2159, 873, 79, 10
2160, 1196, 78, 14
2161, 435, 22, 12
2162, 906, 81, 11
2163, 1066, 10, 4
2164, 1319, 35, 18
2165, 409, 84, 5
2166, 1155, 30, 1
2167, 93, 26, 17
2168, 550, 74, 14
2169, 821, 5, 17
2170, 1348, 1, 12
2171, 1055, 73, 1
2172, 658, 52, 2
2173, 1193, 67, 17
2174, 213, 12, 11
2175, 1362, 40, 9
2176, 1645, 39, 4
2177, 89, 13, 3
2178, 1535, 68, 2
2179, 261, 32, 18
2180, 1862, 19, 13
2181, 225, 13, 8
2182, 1991, 95, 1
2183, 439, 37, 20
2184, 1347, 16, 12
2185, 642, 68, 7
2186, 84, 23, 14
2187, 1526, 16, 3
2188, 1720, 2, 17
2189, 1960, 89, 17
2190, 1016, 98, 8
2191, 811, 59, 19
2192, 1707, 27, 17
2193, 1572, 22, 7
2194, 1237, 33, 8
2195, 627, 62, 20
2196, 559, 45, 13
2197, 686, 85, 19
2198, 1562, 99, 2
2199, 130, 91, 4
2200, 1922, 82, 5
2201, 792, 80, 17
2202, 606, 46, 4
2203, 184, 12, 19
2204, 50, 21, 9
2205, 985, 25, 9
2206, 124, 68, 15
2207, 10, 15, 7
2208, 80, 40, 14
2209, 648, 14, 9
2210, 1880, 79, 12
2211, 1844, 21, 12
2212, 1821, 5, 10
2213, 147, 16, 9
2214, 900, 40, 4
2215, 1075, 82, 11
2216, 854, 74, 8
2217, 401, 55, 13
2218, 55, 44, 1
2219, 497, 60, 20
2220, 1429, 68, 3
2221, 604, 8, 15
2222, 742, 62, 4
2223, 1591, 50, 12
2224, 1892, 95, 8
2225, 1510, 36, 15
2226, 1782, 92, 18
2227, 699, 51, 8
2228, 1098, 82, 18
2229, 1623, 51, 18
2230, 1017, 52, 19
2231, 1069, 1, 2
2232, 117, 22, 6
2233, 467, 78, 17
2234, 1669, 8, 6
2235, 1189, 67, 19
2236, 612, 91, 14
2237, 174, 21, 7
2238, 1229, 74, 13
2239, 1465, 93, 2
2240, 1442, 44, 4
2241, 1526, 18, 13
2242, 388, 28, 7
2243, 1303, 60, 15
2244, 152, 49, 19
2245, 1804, 100, 3
2246, 743, 64, 20
2247, 1168, 12, 16
2248, 1621, 9, 18
2249, 924, 35, 6
2250, 562, 51, 19
2251, 1850, 22, 6
2252, 441, 11, 15
2253, 632, 100, 2
2254, 55, 67, 19
2255, 1281, 81, 2
2256, 29, 94, 16
2257, 1411, 33, 19
2258, 510, 86, 6
2259, 1727, 71, 14
2260, 455, 26, 10
2261, 1478, 14, 11
2262, 134, 2, 19
2263, 1206, 36, 3
2264, 1561, 30, 14
2265, 141, 28, 10
2266, 1517, 7, 19
2267, 662, 71, 7
2268, 608, 36, 6
2269, 477, 86, 2
2270, 551, 60, 20
2271, 945, 32, 3
2272, 204, 61, 14
2273, 1746, 21, 14
2274, 977, 80, 17
2275, 1426, 52, 11
2276, 575, 42, 19
2277, 606, 56, 18
2278, 1773, 85, 20
2279, 1321, 89, 19
2280, 981, 9, 15
2281, 1748, 77, 3
2282, 1634, 28, 14
2283, 1381, 11, 6
2284, 55, 61, 13
2285, 1518, 15, 3
2286, 1845, 60, 6
2287, 1138, 70, 8
2288, 492, 2, 17
2289, 4, 19, 18
2290, 1544, 10, 3
2291, 770, 58, 16
2292, 421, 97, 15
2293, 326, 83, 14
2294, 1641, 84, 16
2295, 1553, 76, 7
2296, 1490, 14, 18
2297, 637, 58, 17
2298, 327, 5, 9
2299, 1140, 19, 1
2300, 1868, 48, 11
2301, 1625, 28, 20
2302, 1070, 66, 11
2303, 1430, 12, 17
2304, 1688, 30, 9
2305, 1905, 15, 11
2306, 694, 66, 15
2307, 904, 61, 11
2308, 144, 17, 9
2309, 175, 66, 7
2310, 1678, 12, 6
2311, 487, 51, 5
2312, 948, 92, 18
2313, 54, 16, 3
2314, 1630, 96, 4
2315, 441, 20, 19
2316, 1122, 77, 19
2317, 1234, 2, 20
2318, 633, 21, 6
2319, 480, 3, 11
2320, 1984, 40, 6
2321, 1665, 78, 8
2322, 1353, 81, 3
2323, 1718, 89, 8
2324, 1719, 78, 12
2325, 1215, 77, 12
2326, 1045, 30, 2
2327, 1502, 14, 10
2328, 1189, 65, 17
2329, 1940, 75, 17
2330, 1501, 3, 16
2331, 133, 8, 1
2332, 1866, 16, 5
2333, 584, 72, 3
2334, 1487, 63, 8
2335, 722, 60, 2
2336, 161, 74, 13
2337, 1669, 40, 1
2338, 613, 83, 5
2339, 1981, 67, 7
2340, 50, 44, 4
2341, 1474, 79, 3
2342, 1850, 71, 6
2343, 435, 25, 4
2344, 527, 75, 2
2345, 736, 6, 6
2346, 265, 93, 4
2347, 857, 100, 1
2348, 1974, 62, 16
2349, 1065, 93, 5
2350, 1809, 60, 4
2351, 1791, 91, 20
2352, 712, 7, 7
2353, 91, 19, 6
2354, 120, 7, 8
2355, 522, 55, 3
2356, 23, 1, 1
2357, 898, 25, 19
2358, 1591, 69, 10
2359, 1028, 77, 4
2360, 47, 36, 11
2361, 1075, 77, 6
2362, 1888, 38, 10
2363, 1544, 16, 7
2364, 7, 46, 3
2365, 671, 91, 9
2366, 1844, 9, 11
2367, 533, 18, 16
2368, 364, 68, 15
2369, 1000, 11, 17
2370, 1005, 97, 18
2371, 822, 29, 14
2372, 1648, 72, 13
2373, 696, 92, 14
2374, 384, 12, 11
2375, 722, 5, 1
2376, 1029, 14, 19
2377, 1850, 18, 11
2378, 550, 13, 20
2379, 38, 9, 20
2380, 1177, 48, 12
2381, 539, 93, 3
2382, 1249, 33, 10
2383, 1217, 80, 3
2384, 326, 22, 14
2385, 644, 13, 14
2386, 543, 29, 4
2387, 1806, 2, 17
2388, 134, 19, 12
2389, 169, 74, 6
2390, 1812, 95, 2
2391, 223, 28, 10
2392, 1444, 76, 14
2393, 1184, 52, 12
2394, 1267, 72, 11
2395, 680, 83, 17
2396, 1162, 55, 9
2397, 1225, 16, 18
2398, 1532, 70, 17
2399, 610, 2, 9
2400, 1864, 93, 3
2401, 39, 95, 3
2402, 88, 8, 5
2403, 849, 25, 15
2404, 935, 34, 14
2405, 619, 15, 18
2406, 350, 52, 18
2407, 46, 27, 16
2408, 415, 58, 16
2409, 1680, 94, 10
2410, 1867, 3, 1
2411, 1993, 6, 10
2412, 1422, 27, 4
2413, 1360, 40, 15
2414, 546, 72, 10
2415, 1128, 22, 8
2416, 1247, 58, 3
2417, 1100, 80, 7
2418, 1293, 85, 18
2419, 1255, 91, 20
2420, 1847, 78, 10
2421, 275, 14, 9
2422, 1779, 9, 10
2423, 1990, 90, 13
2424, 1703, 54, 19
2425, 129, 12, 17
2426, 879, 61, 16
2427, 1085, 72, 4
2428, 1707, 4, 20
2429, 1622, 39, 19
2430, 1271, 95, 9
2431, 606, 98, 4
2432, 444, 39, 16
2433, 689, 4, 17
2434, 883, 52, 1
2435, 1654, 20, 11
2436, 1450, 41, 1
2437, 64, 36, 3
2438, 712, 83, 10
2439, 1514, 45, 7
2440, 1915, 87, 8
2441, 121, 57, 13
2442, 271, 64, 14
2443, 1219, 79, 15
2444, 1266, 49, 5
2445, 78, 51, 19
2446, 10, 78, 17
2447, 1314, 82, 20
2448, 1430, 99, 1
2449, 1466, 85, 9
2450, 880, 63, 11
2451, 1619, 23, 13
2452, 211, 63, 17
2453, 1965, 6, 13
2454, 1963, 6, 9
2455, 134, 67, 14
2456, 11, 23, 6
2457, 1491, 23, 3
2458, 1061, 53, 19
2459, 867, 51, 17
2460, 1580, 48, 11
2461, 1916, 29, 6
2462, 1693, 35, 7
2463, 407, 65, 10
2464, 970, 31, 17
2465, 375, 39, 18
2466, 1889, 13, 5
2467, 13, 56, 2
2468, 687, 82, 7
2469, 1983, 99, 12
2470, 1411, 68, 9
2471, 439, 69, 9
2472, 1948, 26, 19
2473, 1037, 4, 2
2474, 884, 3, 6
2475, 1381, 60, 3
2476, 1949, 7, 19
2477, 1860, 2, 8
2478, 1599, 43, 14
2479, 15, 60, 19
2480, 1569, 9, 9
2481, 59, 62, 10
2482, 319, 61, 7
2483, 51, 35, 20
2484, 1166, 60, 18
2485, 1834, 60, 6
2486, 427, 25, 12
2487, 1132, 70, 5
2488, 586, 43, 15
2489, 1106, 25, 20
2490, 1194, 78, 13
2491, 32, 57, 12
2492, 912, 82, 2
2493, 929, 6, 19
2494, 1472, 93, 16
2495, 624, 84, 19
2496, 1877, 95, 12
2497, 1102, 80, 14
2498, 898, 39, 20
2499, 854, 59, 2
2500, 468, 9, 15
2501, 988, 42, 8
2502, 1892, 17, 17
2503, 1783, 57, 15
2504, 1417, 31, 9
2505, 1086, 14, 1
2506, 1685, 67, 12
2507, 1283, 6, 3
2508, 1949, 64, 2
2509, 1473, 56, 9
2510, 180, 59, 4
2511, 1600, 45, 13
2512, 1348, 18, 2
2513, 1489, 42, 2
2514, 1079, 8, 16
2515, 1048, 55, 8
2516, 72, 54, 19
2517, 859, 23, 11
2518, 1413, 56, 19
2519, 357, 84, 10
2520, 276, 87, 3
2521, 1647, 51, 15
2522, 1392, 92, 18
2523, 858, 46, 9
2524, 1838, 57, 17
2525, 1020, 25, 11
2526, 691, 15, 6
2527, 1981, 60, 5
2528, 602, 70, 5
2529, 1011, 92, 11
2530, 1972, 47, 10
2531, 1723, 26, 5
2532, 1758, 19, 12
2533, 362, 9, 7
2534, 81, 15, 3
2535, 87, 1, 3
2536, 1592, 25, 20
2537, 1661, 25, 16
2538, 587, 62, 7
2539, 772, 81, 16
2540, 1460, 67, 11
2541, 442, 95, 16
2542, 106, 4, 18
2543, 1547, 91, 1
2544, 760, 19, 12
2545, 1698, 98, 6
2546, 1470, 78, 16
2547, 826, 29, 12
2548, 36, 42, 8
2549, 1993, 49, 4
2550, 46, 88, 6
2551, 840, 53, 9
2552, 1290, 23, 1
2553, 1197, 40, 11
2554, 1502, 65, 8
2555, 1868, 70, 17
2556, 165, 96, 19
2557, 698, 29, 1
2558, 1737, 96, 14
2559, 427, 3, 18
2560, 1366, 17, 19
2561, 794, 81, 18
2562, 1033, 39, 6
2563, 444, 52, 1
2564, 794, 18, 9
2565, 31, 18, 6
2566, 1034, 12, 20
2567, 911, 15, 11
2568, 49, 92, 19
2569, 1025, 53, 10
2570, 186, 36, 12
2571, 569, 73, 18
2572, 1984, 45, 13
2573, 331, 37, 4
2574, 1116, 41, 14
2575, 1514, 33, 10
2576, 734, 67, 1
2577, 1720, 33, 13
2578, 1703, 72, 17
2579, 1963, 57, 17
2580, 1135, 38, 2
2581, 1433, 98, 18
2582, 459, 15, 15
2583, 35, 37, 19
2584, 555, 90, 12
2585, 866, 38, 16
2586, 1753, 22, 14
2587, 977, 47, 1
2588, 69, 95, 17
2589, 897, 59, 10
2590, 1822, 70, 5
2591, 1871, 13, 16
2592, 843, 55, 17
2593, 673, 58, 11
2594, 1666, 40, 5
2595, 1470, 49, 2
2596, 1269, 77, 14
2597, 1767, 79, 13
2598, 595, 20, 13
2599, 1995, 78, 9
2600, 572, 35, 11
2601, 529, 90, 10
2602, 139, 9, 2
2603, 615, 36, 12
2604, 658, 15, 5
2605, 223, 52, 10
2606, 813, 6, 9
2607, 204, 7, 1
2608, 1575, 67, 12
2609, 1226, 84, 20
2610, 1568, 73, 4
2611, 1702, 90, 18
2612, 1085, 29, 7
2613, 1388, 47, 19
2614, 727, 75, 4
2615, 1312, 93, 9
2616, 174, 100, 4
2617, 828, 18, 2
2618, 1023, 90, 8
2619, 1979, 16, 1
2620, 278, 8, 8
2621, 1587, 20, 17
2622, 357, 78, 16
2623, 1165, 72, 10
2624, 460, 98, 16
2625, 565, 1, 14
2626, 1919, 23, 15
2627, 1419, 35, 1
2628, 511, 97, 9
2629, 1167, 49, 14
2630, 1390, 21, 13
2631, 1356, 93, 11
2632, 1451, 72, 15
2633, 495, 64, 17
2634, 1673, 41, 14
2635, 261, 82, 6
2636, 1709, 4, 3
2637, 1485, 85, 17
2638, 36, 79, 7
2639, 567, 53, 15
2640, 1023, 50, 19
2641, 1073, 16, 5
2642, 1183, 24, 17
2643, 356, 84, 1
2644, 1912, 82, 5
2645, 904, 89, 18
2646, 464, 79, 13
2647, 298, 67, 6
2648, 1724, 82, 19
2649, 1141, 67, 7
2650, 1104, 40, 9
2651, 1791, 14, 3
2652, 857, 56, 19
2653, 989, 98, 12
2654, 10, 72, 18
2655, 915, 61, 10
2656, 998, 56, 7
2657, 1495, 44, 20
2658, 1844, 18, 17
2659, 957, 61, 19
2660, 1341, 27, 2
2661, 1689, 68, 13
2662, 562, 45, 10
2663, 1357, 11, 7
2664, 1649, 15, 18
2665, 1245, 86, 19
2666, 26, 70, 12
2667, 1832, 21, 20
2668, 1954, 70, 15
2669, 393, 1, 16
2670, 487, 36, 13
2671, 932, 28, 4
2672, 1829, 14, 7
2673, 278, 21, 5
2674, 1247, 37, 14
2675, 1598, 90, 9
2676, 783, 99, 19
2677, 1790, 60, 3
2678, 827, 63, 3
2679, 1265, 84, 16
2680, 225, 17, 10
2681, 788, 8, 16
2682, 464, 92, 8
2683, 516, 20, 13
2684, 817, 34, 16
2685, 745, 25, 12
2686, 1756, 6, 7
2687, 1841, 72, 2
2688, 653, 90, 4
2689, 461, 71, 7
2690, 249, 78, 19
2691, 384, 43, 10
2692, 210, 49, 3
2693, 17, 83, 12
2694, 224, 58, 14
2695, 19, 24, 16
2696, 1300, 68, 14
2697, 754, 90, 8
2698, 674, 95, 1
2699, 1749, 37, 13
2700, 1137, 40, 3
2701, 544, 44, 16
2702, 281, 28, 12
2703, 1642, 96, 16
2704, 164, 91, 3
2705, 531, 37, 12
2706, 710, 93, 5
2707, 723, 63, 20
2708, 1551, 40, 19
2709, 740, 20, 15
2710, 1741, 1, 6
2711, 505, 22, 13
2712, 1266, 7, 4
2713, 575, 29, 4
2714, 989, 5, 18
2715, 528, 40, 18
2716, 376, 45, 8
2717, 1152, 80, 20
2718, 980, 80, 3
2719, 1712, 44, 11
2720, 648, 62, 3
2721, 1100, 40, 20
2722, 770, 67, 12
2723, 1923, 43, 10
2724, 1718, 12, 16
2725, 1659, 49, 20
2726, 1412, 46, 19
2727, 341, 38, 6
2728, 1305, 45, 11
2729, 1478, 25, 15
2730, 198, 43, 5
2731, 1494, 23, 13
2732, 1421, 89, 17
2733, 1601, 85, 20
2734, 31, 82, 18
2735, 1044, 3, 17
2736, 1545, 65, 16
2737, 105, 13, 12
2738, 1612, 96, 20
2739, 807, 71, 16
2740, 1761, 32, 2
2741, 221, 59, 11
2742, 1107, 64, 13
2743, 809, 64, 1
2744, 855, 38, 16
2745, 1123, 33, 11
2746, 1871, 73, 12
2747, 1426, 80, 16
2748, 858, 95, 20
2749, 172, 80, 15
2750, 1951, 90, 14
2751, 1971, 75, 14
2752, 104, 23, 7
2753, 639, 75, 4
2754, 1474, 60, 7
2755, 1911, 87, 20
2756, 550, 69, 19
2757, 1052, 83, 16
2758, 415, 23, 18
2759, 1016, 51, 18
2760, 677, 22, 5
2761, 1918, 58, 10
2762, 1181, 22, 18
2763, 1908, 82, 2
2764, 1877, 48, 13
2765, 1139, 93, 19
2766, 1193, 94, 13
2767, 1096, 26, 7
2768, 481, 79, 16
2769, 905, 61, 10
2770, 437, 77, 20
2771, 195, 44, 12
2772, 842, 13, 11
2773, 805, 18, 8
2774, 1105, 74, 8
2775, 1072, 36, 5
2776, 1644, 95, 9
2777, 1835, 10, 19
2778, 1895, 77, 15
2779, 191, 15, 14
2780, 970, 89, 16
2781, 36, 1, 19
2782, 1507, 45, 10
2783, 1657, 38, 17
2784, 1039, 99, 3
2785, 989, 91, 8
2786, 1171, 88, 18
2787, 729, 1, 14
2788, 908, 100, 14
2789, 1765, 72, 15
2790, 455, 68, 14
2791, 58, 14, 16
2792, 1513, 69, 2
2793, 1446, 53, 8
2794, 1467, 87, 4
2795, 1171, 45, 17
2796, 551, 94, 4
2797, 1317, 61, 1
2798, 1453, 86, 1
2799, 838, 3, 1
2800, 1443, 69, 14
2801, 1792, 66, 3
2802, 1810, 1, 18
2803, 241, 22, 3
2804, 221, 26, 3
2805, 1935, 79, 9
2806, 330, 16, 10
2807, 881, 53, 13
2808, 762, 64, 20
2809, 1222, 46, 2
2810, 1902, 55, 5
2811, 1146, 26, 8
2812, 208, 31, 3
2813, 88, 96, 11
2814, 1950, 22, 11
2815, 308, 36, 19
2816, 138, 57, 11
2817, 1064, 85, 2
2818, 1715, 41, 17
2819, 572, 88, 3
2820, 434, 88, 19
2821, 285, 55, 9
2822, 595, 48, 11
2823, 1913, 54, 9
2824, 411, 65, 11
2825, 1860, 63, 17
2826, 1066, 19, 18
2827, 798, 20, 4
2828, 1021, 97, 15
2829, 328, 63, 12
2830, 439, 41, 6
2831, 210, 100, 5
2832, 695, 5, 14
2833, 953, 44, 2
2834, 1263, 27, 17
2835, 342, 42, 9
2836, 283, 28, 20
2837, 1015, 33, 4
2838, 741, 63, 20
2839, 279, 52, 16
2840, 1531, 34, 2
2841, 1894, 90, 16
2842, 970, 48, 2
2843, 1880, 30, 9
2844, 1899, 81, 2
2845, 115, 56, 6
2846, 669, 68, 12
2847, 950, 15, 10
2848, 1870, 73, 13
2849, 881, 98, 3
2850, 1260, 66, 18
2851, 606, 10, 7
2852, 1011, 49, 12
2853, 1124, 65, 2
2854, 1542, 56, 9
2855, 679, 31, 17
2856, 1018, 67, 15
2857, 1750, 79, 2
2858, 1643, 16, 17
2859, 483, 92, 14
2860, 28, 71, 3
2861, 1816, 77, 18
2862, 389, 85, 1
2863, 1203, 22, 10
2864, 1747, 92, 3
2865, 831, 69, 12
2866, 746, 31, 12
2867, 64, 98, 5
2868, 443, 77, 8
2869, 147, 67, 13
2870, 275, 3, 3
2871, 74, 97, 12
2872, 1587, 86, 18
2873, 903, 83, 16
2874, 523, 36, 16
2875, 25, 30, 15
2876, 1554, 22, 9
2877, 826, 22, 13
2878, 1005, 86, 16
2879, 318, 40, 12
2880, 1448, 87, 17
2881, 1526, 3, 8
2882, 1378, 100, 17
2883, 1394, 78, 7
2884, 1735, 68, 20
2885, 1708, 77, 2
2886, 1702, 37, 5
2887, 1048, 28, 8
2888, 152, 75, 14
2889, 311, 15, 2
2890, 1475, 33, 10
2891, 591, 41, 15
2892, 266, 85, 11
2893, 1863, 62, 20
2894, 417, 79, 20
2895, 1375, 64, 17
2896, 168, 36, 15
2897, 1594, 11, 6
2898, 431, 97, 3
2899, 774, 15, 15
2900, 1172, 80, 10
2901, 1031, 42, 10
2902, 633, 98, 18
2903, 1712, 52, 20
2904, 1647, 22, 12
2905, 1487, 68, 3
2906, 1629, 98, 2
2907, 1406, 61, 12
2908, 1919, 71, 20
2909, 582, 78, 8
2910, 1957, 38, 17
2911, 136, 15, 9
2912, 399, 69, 4
2913, 1047, 89, 1
2914, 1412, 96, 5
2915, 1387, 73, 19
2916, 651, 7, 5
2917, 1019, 72, 20
2918, 1075, 25, 4
2919, 670, 56, 14
2920, 107, 58, 17
2921, 1225, 72, 1
2922, 292, 44, 13
2923, 252, 34, 9
2924, 1965, 26, 8
2925, 165, 56, 6
2926, 603, 57, 4
2927, 1354, 99, 1
2928, 551, 31, 20
2929, 953, 30, 8
2930, 1468, 28, 9
2931, 901, 68, 13
2932, 44, 38, 12
2933, 263, 57, 2
2934, 1571, 42, 14
2935, 513, 19, 10
2936, 808, 24, 15
2937, 1522, 72, 2
2938, 942, 4, 15
2939, 77, 9, 5
2940, 1013, 90, 17
2941, 1101, 79, 8
2942, 1695, 38, 2
2943, 567, 42, 10
2944, 925, 46, 13
2945, 906, 81, 14
2946, 429, 3, 20
2947, 569, 40, 2
2948, 683, 15, 20
2949, 254, 37, 20
2950, 790, 42, 12
2951, 606, 54, 8
2952, 1497, 34, 2
2953, 1982, 45, 2
2954, 187, 82, 3
2955, 1421, 30, 7
2956, 1047, 75, 3
2957, 1876, 24, 15
2958, 1877, 48, 19
2959, 274, 48, 6
2960, 157, 97, 12
2961, 1859, 6, 9
2962, 890, 13, 17
2963, 1773, 92, 18
2964, 657, 78, 11
2965, 1349, 90, 3
2966, 1608, 3, 17
2967, 1690, 29, 3
2968, 64, 65, 5
2969, 779, 38, 19
2970, 1553, 94, 4
2971, 1788, 82, 5
2972, 274, 41, 16
2973, 1962, 31, 2
2974, 1076, 61, 5
2975, 1567, 57, 12
2976, 1170, 28, 10
2977, 1025, 74, 20
2978, 1538, 21, 20
2979, 446, 41, 8
2980, 696, 62, 13
2981, 1706, 92, 9
2982, 834, 78, 2
2983, 704, 55, 1
2984, 1646, 29, 14
2985, 68, 13, 20
2986, 281, 54, 20
2987, 193, 97, 20
2988, 1623, 6, 13
2989, 233, 33, 3
2990, 1257, 49, 8
2991, 712, 69, 7
2992, 1628, 52, 3
2993, 154, 39, 15
2994, 925, 79, 3
2995, 1346, 89, 13
2996, 664, 86, 9
2997, 1083, 64, 19
2998, 856, 98, 8
2999, 606, 99, 12
3000, 109, 62, 19
3001, 1627, 42, 1
3002, 91, 17, 5
3003, 27, 49, 8
3004, 328, 28, 13
3005, 838, 48, 2
3006, 635, 55, 18
3007, 495, 31, 14
3008, 1395, 20, 9
3009, 1616, 25, 13
3010, 1421, 22, 20
3011, 1140, 84, 2
3012, 1055, 60, 11
3013, 771, 53, 18
3014, 896, 65, 6
3015, 1498, 14, 18
3016, 1600, 94, 16
3017, 1268, 89, 19
3018, 1974, 44, 14
3019, 1932, 55, 13
3020, 1674, 52, 9
3021, 983, 98, 14
3022, 797, 34, 14
3023, 1252, 52, 15
3024, 125, 21, 15
3025, 796, 85, 15
3026, 468, 98, 10
3027, 415, 57, 4
3028, 902, 81, 15
3029, 1184, 21, 20
3030, 1606, 51, 5
3031, 1122, 21, 2
3032, 1121, 77, 8
3033, 1679, 28, 20
3034, 759, 44, 12
3035, 1657, 81, 18
3036, 1602, 59, 2
3037, 1972, 29, 16
3038, 201, 15, 17
3039, 1027, 96, 7
3040, 1570, 55, 11
3041, 67, 59, 10
3042, 1896, 1, 2
3043, 480, 25, 2
3044, 1080, 47, 2
3045, 745, 5, 3
3046, 468, 48, 10
3047, 658, 38, 8
3048, 1736, 64, 18
3049, 49, 80, 11
3050, 1161, 100, 7
3051, 1699, 4, 8
3052, 1012, 32, 4
3053, 980, 32, 13
3054, 1268, 24, 15
3055, 704, 10, 14
3056, 1812, 83, 13
3057, 723, 84, 13
3058, 1756, 29, 20
3059, 690, 82, 11
3060, 391, 44, 13
3061, 474, 31, 3
3062, 1243, 52, 12
3063, 344, 27, 11
3064, 433, 49, 8
3065, 572, 1, 18
3066, 1425, 43, 19
3067, 100, 40, 4
3068, 921, 29, 20
3069, 828, 49, 3
3070, 1065, 93, 12
3071, 553, 3, 18
3072, 622, 20, 2
3073, 1299, 39, 9
3074, 1502, 65, 9
3075, 245, 62, 14
3076, 339, 19, 17
3077, 1509, 20, 20
3078, 1247, 83, 12
3079, 810, 48, 17
3080, 1735, 35, 15
3081, 1994, 38, 18
3082, 386, 79, 1
3083, 185, 95, 15
3084, 596, 98, 10
3085, 913, 99, 16
3086, 612, 100, 18
3087, 269, 82, 11
3088, 649, 80, 14
3089, 624, 60, 9
3090, 24, 30, 7
3091, 1404, 43, 17
3092, 1695, 76, 17
3093, 618, 30, 20
3094, 1240, 8, 1
3095, 346, 85, 16
3096, 1064, 34, 16
3097, 48, 13, 6
3098, 212, 33, 7
3099, 681, 7, 6
3100, 1793, 2, 5
3101, 1894, 59, 20
3102, 1925, 13, 1
3103, 1295, 69, 14
3104, 1088, 72, 13
3105, 1479, 58, 19
3106, 593, 32, 9
3107, 570, 57, 5
3108, 160, 55, 14
3109, 374, 38, 10
3110, 181, 76, 10
3111, 890, 84, 14
3112, 1065, 81, 14
3113, 678, 16, 1
3114, 1145, 68, 10
3115, 1803, 91, 3
3116, 1697, 9, 9
3117, 1754, 75, 4
3118, 793, 79, 14
3119, 1346, 10, 8
3120, 825, 96, 15
3121, 154, 55, 9
3122, 498, 16, 20
3123, 148, 97, 7
3124, 1544, 70, 4
3125, 794, 72, 19
3126, 1711, 42, 17
3127, 738, 98, 6
3128, 961, 65, 8
3129, 173, 37, 18
3130, 1891, 79, 11
3131, 787, 65, 3
3132, 85, 64, 3
3133, 12, 94, 5
3134, 1143, 62, 5
3135, 943, 66, 5
3136, 569, 56, 11
3137, 1311, 62, 13
3138, 242, 91, 2
3139, 1881, 65, 4
3140, 1332, 26, 17
3141, 1142, 24, 13
3142, 140, 64, 4
3143, 477, 42, 6
3144, 948, 56, 15
3145, 1208, 33, 6
3146, 1600, 20, 1
3147, 48, 27, 16
3148, 287, 13, 1
3149, 1455, 8, 14
3150, 690, 92, 3
3151, 746, 51, 11
3152, 1826, 64, 14
3153, 1110, 94, 10
3154, 261, 57, 8
3155, 513, 53, 7
3156, 1964, 94, 4
3157, 10, 27, 11
3158, 1997, 7, 7
3159, 1376, 71, 20
3160, 1576, 72, 18
3161, 1896, 53, 12
3162, 1566, 39, 6
3163, 1227, 79, 18
3164, 605, 96, 2
3165, 1376, 83, 1
3166, 381, 58, 8
3167, 982, 73, 14
3168, 646, 53, 8
3169, 1983, 65, 13
3170, 335, 42, 3
3171, 1267, 43, 8
3172, 141, 75, 2
3173, 431, 63, 15
3174, 1350, 40, 11
3175, 541, 81, 14
3176, 620, 73, 13
3177, 1556, 85, 16
3178, 587, 87, 13
3179, 1049, 27, 20
3180, 600, 78, 13
3181, 1576, 37, 1
3182, 1025, 42, 1
3183, 304, 4, 1
3184, 380, 36, 1
3185, 1831, 81, 1
3186, 497, 57, 1
3187, 555, 4, 4
3188, 104, 50, 5
3189, 217, 1, 20
3190, 495, 31, 12
3191, 500, 66, 11
3192, 1805, 47, 10
3193, 396, 44, 20
3194, 535, 54, 2
3195, 1115, 37, 5
3196, 983, 97, 13
3197, 1774, 34, 2
3198, 296, 43, 13
3199, 994, 13, 8
3200, 357, 58, 18
3201, 1129, 43, 2
3202, 765, 20, 3
3203, 453, 52, 9
3204, 1261, 85, 19
3205, 734, 21, 6
3206, 297, 47, 6
3207, 553, 56, 5
3208, 1873, 56, 20
3209, 1652, 85, 17
3210, 1450, 49, 20
3211, 713, 39, 18
3212, 867, 96, 14
3213, 442, 75, 7
3214, 1937, 56, 1
3215, 1609, 34, 7
3216, 83, 82, 19
3217, 500, 69, 19
3218, 594, 22, 13
3219, 1581, 30, 14
3220, 1282, 38, 20
3221, 298, 63, 12
3222, 730, 24, 5
3223, 225, 95, 7
3224, 1634, 4, 11
3225, 427, 93, 13
3226, 1510, 97, 8
3227, 1400, 11, 20
3228, 60, 76, 17
3229, 1310, 59, 1
3230, 1412, 74, 3
3231, 1153, 89, 4
3232, 174, 87, 11
3233, 1620, 14, 10
3234, 944, 75, 2
3235, 1242, 59, 17
3236, 863, 62, 11
3237, 621, 27, 16
3238, 1144, 38, 13
3239, 959, 77, 15
3240, 810, 55, 7
3241, 1821, 42, 18
3242, 1744, 16, 14
3243, 473, 60, 13
3244, 994, 42, 3
3245, 1631, 84, 12
3246, 631, 55, 13
3247, 209, 49, 11
3248, 1846, 26, 16
3249, 1412, 79, 13
3250, 1794, 62, 13
3251, 164, 94, 8
3252, 1408, 23, 10
3253, 80, 74, 13
3254, 718, 9, 7
3255, 1765, 53, 6
3256, 1050, 86, 15
3257, 33, 45, 8
3258, 1828, 41, 12
3259, 1268, 99, 17
3260, 60, 64, 9
3261, 960, 86, 1
3262, 1045, 56, 18
3263, 1143, 75, 9
3264, 1403, 33, 17
3265, 39, 100, 8
3266, 1708, 82, 5
3267, 327, 57, 17
3268, 1990, 32, 10
3269, 1915, 68, 18
3270, 1430, 53, 14
3271, 1384, 44, 13
3272, 465, 82, 17
3273, 1695, 37, 16
3274, 847, 35, 2
3275, 90, 40, 1
3276, 1971, 77, 20
3277, 1792, 45, 19
3278, 66, 45, 16
3279, 1125, 22, 1
3280, 1307, 70, 8
3281, 1639, 39, 9
3282, 1493, 70, 12
3283, 334, 2, 15
3284, 1557, 53, 4
3285, 309, 4, 19
3286, 693, 82, 15
3287, 967, 59, 6
3288, 1583, 47, 19
3289, 1891, 4, 5
3290, 1873, 77, 18
3291, 303, 95, 17
3292, 811, 30, 2
3293, 1892, 17, 10
3294, 1040, 2, 7
3295, 1089, 88, 16
3296, 1605, 13, 15
3297, 817, 7, 5
3298, 1600, 73, 17
3299, 1495, 90, 9
3300, 387, 38, 20
3301, 405, 80, 12
3302, 240, 40, 10
3303, 1845, 29, 1
3304, 980, 52, 16
3305, 1259, 81, 10
3306, 1144, 46, 18
3307, 1543, 88, 19
3308, 411, 66, 12
3309, 61, 63, 10
3310, 1805, 88, 16
3311, 912, 79, 1
3312, 539, 25, 13
3313, 1592, 59, 12
3314, 1486, 65, 1
3315, 1998, 91, 18
3316, 1946, 72, 12
3317, 864, 14, 15
3318, 531, 25, 10
3319, 816, 9, 16
3320, 1266, 6, 5
3321, 1304, 90, 11
3322, 862, 1, 2
3323, 1679, 46, 15
3324, 1428, 34, 1
3325, 585, 18, 20
3326, 1780, 12, 14
3327, 1693, 40, 5
3328, 1799, 47, 16
3329, 1878, 79, 2
3330, 1622, 71, 1
3331, 238, 78, 14
3332, 1816, 60, 3
3333, 1191, 74, 11
3334, 238, 1, 7
3335, 1262, 93, 15
3336, 1378, 78, 5
3337, 577, 50, 7
3338, 1377, 53, 3
3339, 1743, 3, 20
3340, 724, 10, 6
3341, 931, 58, 19
3342, 1260, 18, 8
3343, 1690, 51, 9
3344, 1745, 19, 13
3345, 766, 92, 9
3346, 299, 81, 5
3347, 641, 32, 13
3348, 1203, 42, 14
3349, 1020, 53, 11
3350, 1028, 97, 6
3351, 1884, 55, 13
3352, 280, 65, 16
3353, 929, 64, 20
3354, 397, 88, 8
3355, 1256, 11, 3
3356, 935, 5, 18
3357, 1790, 1, 7
3358, 609, 77, 19
3359, 1535, 22, 3
3360, 556, 76, 3
3361, 1506, 22, 8
3362, 1539, 35, 2
3363, 431, 4, 8
3364, 366, 42, 6
3365, 561, 32, 14
3366, 56, 32, 7
3367, 227, 97, 5
3368, 1971, 37, 8
3369, 1794, 59, 8
3370, 451, 31, 10
3371, 1805, 84, 13
3372, 1803, 82, 16
3373, 1916, 8, 8
3374, 1458, 12, 19
3375, 1140, 35, 7
3376, 519, 13, 13
3377, 1166, 30, 12
3378, 1519, 95, 20
3379, 1596, 12, 15
3380, 269, 67, 5
3381, 1408, 99, 5
3382, 1199, 27, 16
3383, 1111, 98, 17
3384, 458, 39, 10
3385, 1401, 33, 20
3386, 1395, 32, 17
3387, 1687, 67, 3
3388, 953, 27, 12
3389, 1252, 60, 7
3390, 992, 63, 7
3391, 539, 43, 13
3392, 1547, 37, 12
3393, 8, 64, 17
3394, 1315, 63, 6
3395, 1492, 49, 3
3396, 486, 17, 10
3397, 1515, 42, 5
3398, 346, 45, 13
3399, 1815, 88, 19
3400, 492, 62, 14
3401, 1523, 58, 19
3402, 1782, 19, 20
3403, 544, 48, 11
3404, 371, 69, 16
3405, 460, 41, 10
3406, 518, 31, 8
3407, 1242, 49, 10
3408, 1951, 5, 8
3409, 1785, 24, 2
3410, 900, 91, 13
3411, 475, 48, 19
3412, 177, 39, 16
3413, 100, 64, 3
3414, 1765, 33, 20
3415, 1866, 50, 3
3416, 397, 87, 4
3417, 240, 20, 16
3418, 304, 60, 3
3419, 1259, 49, 9
3420, 161, 54, 18
3421, 229, 73, 20
3422, 1842, 1, 10
3423, 1661, 99, 3
3424, 1802, 26, 14
3425, 486, 91, 17
3426, 507, 77, 16
3427, 621, 56, 4
3428, 1856, 56, 20
3429, 34, 72, 12
3430, 648, 86, 2
3431, 1023, 4, 15
3432, 1920, 76, 13
3433, 717, 34, 14
3434, 1564, 18, 20
3435, 380, 81, 18
3436, 1075, 39, 11
3437, 1925, 51, 15
3438, 700, 45, 7
3439, 1880, 29, 14
3440, 1717, 71, 2
3441, 1530, 42, 11
3442, 622, 25, 6
3443, 12, 93, 8
3444, 15, 51, 12
3445, 441, 41, 18
3446, 1813, 76, 2
3447, 821, 39, 1
3448, 1585, 95, 7
3449, 532, 36, 14
3450, 1667, 52, 4
3451, 1323, 10, 13
3452, 1292, 4, 14
3453, 314, 7, 5
3454, 1159, 66, 5
3455, 1547, 61, 13
3456, 862, 26, 6
3457, 731, 27, 3
3458, 629, 12, 15
3459, 981, 61, 10
3460, 1767, 36, 18
3461, 1309, 43, 17
3462, 873, 70, 1
3463, 1626, 14, 11
3464, 1853, 20, 13
3465, 1862, 11, 18
3466, 1798, 98, 4
3467, 533, 44, 6
3468, 1335, 61, 7
3469, 1300, 32, 12
3470, 375, 76, 20
3471, 1162, 40, 19
3472, 1216, 89, 20
3473, 1698, 3, 11
3474, 486, 40, 16
3475, 936, 22, 20
3476, 942, 11, 11
3477, 1629, 82, 9
3478, 57, 34, 8
3479, 192, 23, 6
3480, 478, 53, 15
3481, 1825, 89, 2
3482, 1551, 49, 1
3483, 1386, 89, 2
3484, 1051, 27, 16
3485, 37, 60, 12
3486, 1761, 23, 10
3487, 1817, 27, 12
3488, 1520, 43, 4
3489, 1560, 50, 18
3490, 1866, 95, 11
3491, 163, 95, 6
3492, 1699, 71, 11
3493, 1623, 58, 2
3494, 1247, 13, 17
3495, 1216, 75, 19
3496, 1793, 84, 1
3497, 611, 7, 16
3498, 1070, 26, 13
3499, 462, 2, 7
3500, 911, 25, 20
3501, 656, 88, 3
3502, 221, 52, 9
3503, 128, 61, 11
3504, 429, 6, 19
3505, 729, 93, 14
3506, 553, 41, 20
3507, 878, 85, 16
3508, 1244, 65, 19
3509, 1239, 32, 11
3510, 765, 58, 16
3511, 216, 73, 14
3512, 503, 16, 10
3513, 8, 10, 2
3514, 1995, 25, 2
3515, 1479, 37, 15
3516, 314, 46, 6
3517, 1895, 93, 18
3518, 1697, 81, 12
3519, 1841, 53, 13
3520, 580, 65, 3
3521, 1024, 87, 3
3522, 1995, 71, 2
3523, 514, 50, 12
3524, 101, 16, 1
3525, 220, 45, 2
3526, 515, 52, 6
3527, 1896, 73, 17
3528, 1089, 83, 6
3529, 56, 91, 5
3530, 1591, 82, 13
3531, 1278, 15, 19
3532, 1154, 93, 20
3533, 893, 69, 14
3534, 688, 28, 10
3535, 1163, 100, 7
3536, 506, 17, 17
3537, 1963, 35, 19
3538, 807, 78, 17
3539, 1002, 65, 9
3540, 1065, 71, 12
3541, 1153, 35, 8
3542, 1678, 55, 19
3543, 308, 42, 12
3544, 1636, 58, 1
3545, 430, 23, 14
3546, 980, 50, 7
3547, 1805, 27, 14
3548, 1988, 22, 20
3549, 288, 89, 17
3550, 1641, 88, 6
3551, 1218, 32, 10
3552, 1252, 61, 20
3553, 609, 23, 4
3554, 327, 51, 18
3555, 438, 93, 1
3556, 911, 84, 5
3557, 42, 80, 20
3558, 457, 26, 4
3559, 1976, 93, 4
3560, 1333, 67, 9
3561, 1116, 83, 5
3562, 1308, 54, 3
3563, 1505, 17, 14
3564, 1190, 65, 12
3565, 152, 3, 8
3566, 186, 70, 2
3567, 1650, 14, 19
3568, 667, 54, 8
3569, 1543, 15, 18
3570, 290, 42, 6
3571, 827, 80, 4
3572, 489, 27, 9
3573, 695, 57, 16
3574, 1083, 71, 20
3575, 240, 24, 7
3576, 945, 41, 19
3577, 1295, 87, 2
3578, 351, 61, 20
3579, 1943, 8, 3
3580, 121, 13, 7
3581, 1542, 61, 19
3582, 1207, 77, 16
3583, 331, 4, 3
3584, 1303, 37, 10
3585, 277, 93, 7
3586, 796, 47, 20
3587, 941, 74, 18
3588, 17, 20, 5
3589, 1711, 5, 8
3590, 1164, 3, 20
3591, 779, 84, 7
3592, 294, 67, 10
3593, 1032, 40, 3
3594, 711, 70, 20
3595, 1345, 20, 12
3596, 612, 36, 19
3597, 1028, 33, 18
3598, 424, 35, 4
3599, 1561, 77, 7
3600, 1166, 97, 16
3601, 1561, 43, 11
3602, 1094, 18, 1
3603, 435, 59, 10
3604, 1844, 52, 15
3605, 1967, 33, 8
3606, 1966, 66, 16
3607, 430, 70, 12
3608, 586, 65, 19
3609, 692, 16, 17
3610, 757, 5, 7
3611, 1563, 17, 6
3612, 943, 33, 5
3613, 1164, 34, 12
3614, 873, 18, 3
3615, 229, 57, 8
3616, 968, 78, 6
3617, 743, 19, 19
3618, 1195, 62, 8
3619, 1628, 5, 9
3620, 1834, 68, 8
3621, 684, 6, 1
3622, 779, 8, 14
3623, 922, 49, 6
3624, 559, 28, 19
3625, 1208, 73, 16
3626, 511, 46, 6
3627, 1269, 37, 8
3628, 853, 71, 10
3629, 969, 9, 20
3630, 28, 30, 10
3631, 353, 45, 18
3632, 1251, 36, 7
3633, 70, 25, 7
3634, 520, 63, 15
3635, 516, 25, 11
3636, 130, 20, 15
3637, 853, 45, 16
3638, 1141, 68, 2
3639, 1094, 94, 7
3640, 541, 49, 2
3641, 1989, 71, 19
3642, 35, 57, 13
3643, 1418, 13, 11
3644, 970, 77, 2
3645, 143, 47, 8
3646, 106, 32, 2
3647, 1993, 14, 20
3648, 412, 92, 3
3649, 1397, 93, 18
3650, 1010, 38, 2
3651, 237, 35, 15
3652, 1327, 61, 11
3653, 969, 14, 19
3654, 1839, 96, 19
3655, 479, 25, 18
3656, 1971, 76, 6
3657, 919, 4, 10
3658, 409, 97, 19
3659, 186, 66, 20
3660, 546, 72, 3
3661, 1100, 13, 9
3662, 727, 25, 4
3663, 1842, 23, 2
3664, 1459, 34, 15
3665, 1230, 79, 19
3666, 39, 53, 4
3667, 1291, 74, 10
3668, 359, 72, 17
3669, 1134, 87, 5
3670, 1601, 12, 3
3671, 1479, 77, 7
3672, 1829, 53, 17
3673, 680, 30, 18
3674, 1090, 1, 6
3675, 1746, 69, 4
3676, 453, 57, 14
3677, 1058, 81, 15
3678, 990, 79, 3
3679, 688, 71, 4
3680, 503, 67, 1
3681, 70, 94, 18
3682, 1093, 48, 9
3683, 1082, 17, 3
3684, 159, 76, 12
3685, 229, 52, 13
3686, 1733, 2, 11
3687, 900, 97, 19
3688, 1051, 67, 11
3689, 93, 82, 8
3690, 1775, 39, 3
3691, 1993, 97, 6
3692, 379, 30, 8
3693, 1643, 72, 17
3694, 547, 49, 19
3695, 1933, 10, 10
3696, 1586, 57, 13
3697, 1562, 29, 15
3698, 1626, 81, 9
3699, 775, 24, 7
3700, 1705, 88, 1
3701, 1236, 57, 7
3702, 224, 99, 6
3703, 1436, 62, 13
3704, 1741, 47, 14
3705, 230, 31, 9
3706, 967, 76, 16
3707, 235, 63, 20
3708, 794, 44, 15
3709, 422, 69, 20
3710, 301, 96, 17
3711, 18, 3, 10
3712, 1927, 46, 19
3713, 891, 12, 7
3714, 1863, 25, 18
3715, 1046, 61, 13
3716, 1646, 9, 12
3717, 1104, 36, 9
3718, 1149, 71, 14
3719, 623, 63, 4
3720, 868, 2, 15
3721, 741, 17, 18
3722, 1505, 1, 14
3723, 499, 14, 17
3724, 1335, 66, 5
3725, 249, 3, 5
3726, 919, 63, 5
3727, 1290, 53, 9
3728, 963, 55, 2
3729, 748, 42, 18
3730, 1329, 70, 4
3731, 1355, 68, 11
3732, 1400, 76, 2
3733, 637, 17, 6
3734, 1240, 69, 3
3735, 1051, 51, 2
3736, 971, 71, 16
3737, 1010, 20, 3
3738, 1975, 48, 17
3739, 141, 5, 8
3740, 782, 16, 16
3741, 1607, 45, 14
3742, 21, 36, 17
3743, 155, 73, 3
3744, 1604, 66, 10
3745, 1027, 2, 14
3746, 1388, 31, 12
3747, 814, 81, 13
3748, 581, 93, 2
3749, 412, 69, 7
3750, 1214, 27, 12
3751, 1758, 95, 8
3752, 462, 77, 18
3753, 1217, 50, 5
3754, 46, 3, 3
3755, 1945, 3, 3
3756, 1154, 97, 1
3757, 1166, 30, 14
3758, 1599, 41, 3
3759, 1341, 51, 3
3760, 892, 42, 19
3761, 1944, 25, 15
3762, 862, 35, 18
3763, 92, 78, 14
3764, 273, 100, 5
3765, 764, 37, 2
3766, 1895, 4, 18
3767, 1399, 88, 6
3768, 1085, 18, 6
3769, 936, 71, 12
3770, 671, 88, 5
3771, 929, 5, 10
3772, 1909, 74, 20
3773, 1450, 53, 14
3774, 1530, 43, 11
3775, 456, 81, 13
3776, 1890, 37, 20
3777, 103, 32, 6
3778, 504, 57, 3
3779, 318, 68, 20
3780, 1245, 82, 16
3781, 1634, 5, 1
3782, 1688, 55, 7
3783, 244, 64, 8
3784, 1266, 43, 12
3785, 1783, 20, 1
3786, 1394, 78, 17
3787, 1388, 11, 11
3788, 1573, 74, 3
3789, 967, 40, 7
3790, 105, 83, 17
3791, 1589, 66, 11
3792, 369, 7, 4
3793, 442, 81, 3
3794, 989, 76, 10
3795, 398, 53, 12
3796, 1736, 94, 18
3797, 695, 29, 20
3798, 921, 86, 15
3799, 870, 56, 5
3800, 754, 35, 16
3801, 1912, 40, 15
3802, 645, 44, 3
3803, 1146, 8, 2
3804, 1059, 50, 11
3805, 426, 59, 19
3806, 799, 18, 2
3807, 175, 52, 9
3808, 813, 54, 9
3809, 1757, 6, 9
3810, 74, 97, 5
3811, 1693, 82, 18
3812, 561, 17, 5
3813, 625, 56, 5
3814, 837, 87, 15
3815, 798, 74, 4
3816, 656, 10, 6
3817, 131, 80, 7
3818, 1712, 21, 16
3819, 861, 68, 11
3820, 60, 92, 17
3821, 1110, 23, 16
3822, 1776, 24, 15
3823, 1205, 32, 19
3824, 557, 4, 18
3825, 794, 82, 16
3826, 187, 2, 9
3827, 1790, 20, 20
3828, 744, 7, 15
3829, 978, 83, 19
3830, 764, 47, 19
3831, 1045, 54, 20
3832, 5, 64, 12
3833, 1022, 79, 13
3834, 476, 14, 14
3835, 551, 43, 12
3836, 529, 97, 8
3837, 149, 76, 14
3838, 1131, 94, 2
3839, 1208, 52, 10
3840, 169, 50, 1
3841, 1036, 25, 17
3842, 1544, 18, 12
3843, 1806, 33, 13
3844, 1624, 66, 9
3845, 1395, 57, 20
3846, 119, 61, 5
3847, 1923, 94, 9
3848, 523, 26, 19
3849, 892, 49, 2
3850, 1952, 34, 2
3851, 432, 80, 2
3852, 332, 86, 1
3853, 627, 43, 2
3854, 1699, 16, 17
3855, 901, 8, 8
3856, 191, 63, 3
3857, 1196, 86, 17
3858, 395, 6, 5
3859, 1349, 30, 7
3860, 571, 9, 16
3861, 390, 20, 4
3862, 354, 23, 11
3863, 1330, 52, 3
3864, 1424, 43, 17
3865, 520, 97, 4
3866, 2000, 45, 18
3867, 799, 15, 17
3868, 270, 6, 12
3869, 411, 26, 16
3870, 363, 67, 15
3871, 732, 26, 19
3872, 576, 26, 14
3873, 626, 50, 8
3874, 65, 93, 1
3875, 12, 64, 10
3876, 1131, 52, 4
3877, 1654, 18, 1
3878, 1509, 10, 19
3879, 1672, 27, 17
3880, 913, 92, 10
3881, 1958, 61, 9
3882, 905, 50, 18
3883, 1205, 43, 1
3884, 934, 74, 4
3885, 1079, 26, 9
3886, 1528, 48, 8
3887, 340, 74, 17
3888, 1090, 16, 2
3889, 1616, 73, 19
3890, 854, 44, 18
3891, 1199, 27, 5
3892, 113, 4, 5
3893, 1094, 67, 13
3894, 824, 20, 2
3895, 367, 21, 4
3896, 1221, 10, 15
3897, 872, 62, 16
3898, 1679, 46, 18
3899, 443, 30, 1
3900, 105, 35, 1
3901, 1020, 2, 5
3902, 669, 67, 18
3903, 501, 87, 1
3904, 1405, 19, 16
3905, 1980, 17, 13
3906, 1170, 60, 4
3907, 1809, 65, 7
3908, 1094, 33, 1
3909, 142, 8, 18
3910, 761, 66, 9
3911, 1913, 44, 3
3912, 15, 70, 18
3913, 63, 54, 19
3914, 617, 64, 4
3915, 825, 82, 3
3916, 1886, 65, 12
3917, 1993, 3, 11
3918, 468, 61, 19
3919, 1040, 54, 13
3920, 899, 25, 13
3921, 806, 88, 17
3922, 1604, 55, 20
3923, 1984, 15, 15
3924, 223, 91, 18
3925, 1893, 75, 17
3926, 1641, 50, 1
3927, 91, 56, 5
3928, 1505, 69, 16
3929, 1786, 66, 2
3930, 1139, 13, 3
3931, 91, 7, 19
3932, 203, 96, 4
3933, 1931, 19, 8
3934, 1701, 92, 14
3935, 1902, 80, 6
3936, 1154, 41, 15
3937, 1233, 73, 8
3938, 1252, 93, 9
3939, 175, 85, 17
3940, 1012, 50, 2
3941, 1753, 96, 7
3942, 180, 65, 15
3943, 1121, 62, 10
3944, 99, 55, 16
3945, 1117, 80, 8
3946, 1165, 12, 14
3947, 1096, 90, 16
3948, 1204, 77, 13
3949, 1749, 19, 13
3950, 904, 90, 16
3951, 1057, 42, 16
3952, 936, 83, 16
3953, 629, 97, 17
3954, 404, 76, 15
3955, 1789, 37, 8
3956, 717, 41, 10
3957, 37, 52, 8
3958, 41, 86, 2
3959, 441, 16, 18
3960, 938, 21, 3
3961, 318, 97, 18
3962, 1768, 29, 1
3963, 181, 51, 15
3964, 1309, 60, 1
3965, 1631, 42, 14
3966, 1858, 56, 18
3967, 1758, 24, 14
3968, 1869, 72, 3
3969, 1827, 92, 7
3970, 740, 65, 5
3971, 2000, 47, 1
3972, 1894, 86, 14
3973, 1380, 98, 20
3974, 367, 92, 14
3975, 1118, 53, 11
3976, 1432, 39, 9
3977, 1096, 73, 16
3978, 39, 95, 16
3979, 292, 10, 20
3980, 871, 22, 2
3981, 1444, 96, 12
3982, 819, 42, 11
3983, 1210, 37, 1
3984, 1852, 66, 3
3985, 1492, 68, 5
3986, 1023, 26, 9
3987, 1420, 30, 5
3988, 526, 76, 17
3989, 903, 24, 6
3990, 382, 29, 11
3991, 698, 89, 10
3992, 1523, 89, 1
3993, 1218, 98, 15
3994, 1375, 87, 20
3995, 637, 11, 8
3996, 512, 69, 18
3997, 600, 59, 2
3998, 1314, 13, 3
3999, 1261, 66, 15
4000, 1233, 80, 11
